0 1.000E+00 0.000 0.000 0.000 1.000 -0.000 0.000 0.000 1.000 -0.000 0.000 0.000 1.000
97 4.955E-01 0.890 3.503 -0.115 0.945 0.318 -0.079 -0.318 0.948 0.005 0.076 0.020 0.997
10 4.891E-01 -2.351 6.063 -4.522 0.961 -0.267 -0.065 0.273 0.896 0.350 -0.035 -0.354 0.935
98 4.624E-01 -4.247 3.702 -6.085 0.875 0.385 -0.292 -0.460 0.849 -0.260 0.148 0.362 0.920
91 4.446E-01 -2.351 1.441 -2.164 0.741 0.577 0.343 -0.631 0.773 0.061 -0.230 -0.262 0.937
124 4.388E-01 -4.531 4.450 -2.296 -0.184 0.482 -0.856 -0.869 -0.487 -0.088 -0.460 0.728 0.509
63 4.820E-01 -0.314 1.254 0.925 0.283 0.811 -0.511 -0.947 0.154 -0.281 -0.149 0.564 0.812
87 4.046E-01 -2.050 0.519 -0.642 0.017 0.804 -0.594 -0.960 0.179 0.214 0.279 0.567 0.775
1 4.140E-01 1.354 2.981 -4.800 0.924 0.381 0.026 -0.304 0.776 -0.553 -0.230 0.503 0.833
40 4.550E-01 -2.608 2.289 -1.385 0.025 0.520 -0.854 -0.991 -0.101 -0.091 -0.133 0.848 0.513
100 4.057E-01 -3.287 2.392 -5.860 -0.050 -0.384 -0.922 -0.155 -0.909 0.387 -0.987 0.162 -0.014
120 4.121E-01 -6.350 3.644 -7.749 -0.200 -0.143 -0.969 -0.174 -0.968 0.179 -0.964 0.205 0.169
20 3.953E-01 -0.015 -0.892 -4.483 0.111 0.445 -0.889 -0.592 -0.689 -0.418 -0.798 0.573 0.187
7 4.090E-01 -0.599 2.608 -5.611 0.255 0.481 -0.839 -0.898 -0.205 -0.390 -0.360 0.852 0.380
95 4.149E-01 -3.586 -0.654 0.198 0.174 -0.668 -0.724 -0.078 -0.742 0.666 -0.982 -0.059 -0.181
88 4.337E-01 -2.497 2.943 -1.580 -0.109 0.247 -0.963 -0.809 -0.584 -0.059 -0.577 0.773 0.264
89 4.380E-01 -2.597 -2.201 -2.519 0.373 -0.060 0.926 -0.440 -0.890 0.120 0.817 -0.453 -0.358
128 4.127E-01 -0.968 2.531 -2.789 0.956 -0.230 -0.181 0.247 0.966 0.078 0.156 -0.120 0.980
70 3.853E-01 -6.419 3.029 -7.999 0.450 0.850 -0.274 -0.812 0.261 -0.521 -0.371 0.457 0.808
49 4.054E-01 -6.973 0.364 -6.070 0.121 -0.436 -0.892 0.042 -0.895 0.444 -0.992 -0.091 -0.090
37 4.024E-01 -8.557 2.579 -7.284 0.106 -0.171 -0.979 0.348 -0.916 0.198 -0.931 -0.362 -0.038
47 3.844E-01 -8.692 2.315 -9.057 -0.319 0.487 -0.813 -0.399 -0.847 -0.351 -0.860 0.213 0.465
131 3.824E-01 -5.768 3.064 -9.352 -0.314 -0.099 -0.944 0.217 -0.976 0.030 -0.924 -0.196 0.327
48 3.903E-01 -6.985 1.058 -6.765 -0.257 0.709 -0.657 -0.658 -0.626 -0.418 -0.708 0.325 0.627
52 3.866E-01 -7.451 2.205 -7.815 -0.227 0.704 -0.673 -0.751 -0.566 -0.339 -0.620 0.429 0.657
35 3.911E-01 -6.944 0.749 -5.880 -0.638 -0.119 -0.761 -0.265 -0.893 0.363 -0.723 0.433 0.538
3 3.948E-01 -7.732 0.380 -5.985 -0.177 -0.375 -0.910 -0.082 -0.916 0.393 -0.981 0.144 0.131
56 3.862E-01 -8.060 0.965 -6.189 -0.510 -0.441 -0.739 0.045 -0.871 0.490 -0.859 0.217 0.464
117 4.012E-01 -7.062 0.448 -6.143 0.384 -0.265 -0.885 0.040 -0.952 0.302 -0.923 -0.151 -0.355
36 4.042E-01 -7.435 1.846 -5.585 0.455 0.494 -0.741 -0.670 -0.358 -0.650 -0.587 0.792 0.168
62 3.801E-01 -7.273 2.999 -6.975 -0.161 -0.216 -0.963 0.088 -0.975 0.204 -0.983 -0.052 0.176
61 3.811E-01 -5.725 2.184 -7.919 -0.147 -0.243 -0.959 0.222 -0.953 0.208 -0.964 -0.182 0.194
116 3.843E-01 -7.809 2.399 -7.446 -0.537 -0.390 -0.749 -0.103 -0.850 0.516 -0.838 0.354 0.416
54 3.891E-01 -5.612 1.249 -6.191 0.504 0.841 -0.194 -0.784 0.352 -0.512 -0.362 0.410 0.837
46 3.881E-01 -7.439 2.496 -9.012 -0.208 0.573 -0.793 0.210 -0.765 -0.608 -0.955 -0.293 0.038
45 3.881E-01 -7.361 2.106 -6.797 0.042 0.865 -0.500 -0.716 -0.323 -0.618 -0.696 0.384 0.606
69 3.969E-01 -6.689 2.057 -6.523 0.043 -0.719 -0.694 0.402 -0.623 0.671 -0.915 -0.308 0.262
58 3.860E-01 -5.207 3.941 -8.911 -0.140 0.711 -0.689 0.291 -0.635 -0.715 -0.946 -0.300 -0.118
113 3.932E-01 -6.588 4.119 -7.114 0.908 0.216 0.359 -0.265 0.959 0.095 -0.324 -0.181 0.929
22 3.841E-01 -5.842 2.849 -6.154 -0.009 0.587 -0.809 -0.586 -0.659 -0.471 -0.810 0.470 0.350
50 3.903E-01 -5.970 2.336 -6.666 -0.011 0.837 -0.548 -0.827 -0.316 -0.466 -0.563 0.447 0.695
13 3.950E-01 -7.066 1.798 -5.632 -0.282 -0.768 -0.575 0.346 -0.640 0.686 -0.895 -0.006 0.447
44 3.689E-01 -8.180 1.466 -8.548 -0.273 0.474 -0.837 -0.687 -0.706 -0.175 -0.674 0.527 0.518
71 3.837E-01 -10.177 3.898 -6.335 0.290 0.452 -0.843 0.775 -0.628 -0.070 -0.561 -0.633 -0.533
72 3.609E-01 -8.652 3.699 -8.711 0.686 0.710 -0.156 -0.556 0.374 -0.743 -0.469 0.596 0.651
41 3.872E-01 -7.040 0.723 -4.966 -0.063 -0.957 -0.283 0.527 -0.273 0.805 -0.847 -0.099 0.522
76 3.900E-01 -8.553 0.820 -6.279 -0.152 -0.326 -0.933 0.112 -0.944 0.312 -0.982 -0.057 0.180
67 3.746E-01 -8.370 1.369 -7.132 0.670 0.625 0.402 0.681 -0.732 0.004 0.296 0.271 -0.916
105 3.752E-01 -5.255 3.885 -7.122 0.435 0.771 -0.465 -0.747 0.020 -0.665 -0.503 0.636 0.585
111 3.788E-01 -6.614 3.775 -7.361 0.154 -0.455 -0.877 0.062 -0.881 0.468 -0.986 -0.126 -0.107
43 3.814E-01 -8.323 0.631 -6.383 -0.539 -0.129 -0.832 -0.194 -0.943 0.272 -0.820 0.308 0.483
39 3.822E-01 -4.534 3.641 -6.967 0.813 0.571 -0.116 -0.548 0.683 -0.483 -0.197 0.456 0.868
119 3.825E-01 -6.666 2.986 -6.668 0.906 0.423 0.027 -0.353 0.788 -0.505 -0.235 0.448 0.863
66 3.756E-01 -8.293 5.416 -8.949 0.819 -0.469 0.331 0.446 0.883 0.147 -0.361 0.027 0.932
112 3.722E-01 -8.133 2.770 -8.254 0.745 0.662 -0.084 -0.582 0.583 -0.567 -0.326 0.471 0.820
115 3.820E-01 -5.812 1.005 -7.484 -0.080 0.671 -0.737 -0.286 -0.724 -0.628 -0.955 0.161 0.250
75 3.829E-01 -8.090 0.291 -8.644 -0.166 -0.203 -0.965 0.404 -0.907 0.121 -0.900 -0.369 0.232
109 3.794E-01 -6.865 3.508 -7.024 0.301 0.896 -0.326 -0.895 0.147 -0.421 -0.329 0.419 0.846
51 3.860E-01 -8.063 2.145 -8.976 -0.113 0.616 -0.779 0.435 -0.675 -0.596 -0.893 -0.406 -0.192
6 3.801E-01 -7.043 0.742 -7.604 -0.072 -0.662 -0.746 0.415 -0.700 0.581 -0.907 -0.268 0.325
16 3.866E-01 -7.524 2.606 -7.037 0.712 -0.689 -0.136 0.595 0.489 0.638 -0.373 -0.535 0.758
94 3.964E-01 -4.796 -1.824 -9.807 0.758 0.444 -0.478 -0.565 0.081 -0.821 -0.326 0.892 0.312
23 3.762E-01 -8.097 2.580 -6.499 0.305 0.939 -0.156 0.932 -0.261 0.250 0.194 -0.222 -0.955
30 3.746E-01 -7.743 1.412 -7.500 0.783 0.564 -0.264 -0.576 0.495 -0.651 -0.236 0.661 0.712
96 3.939E-01 -2.711 3.861 -1.308 0.623 0.344 0.702 0.572 -0.812 -0.111 0.533 0.471 -0.703
15 3.763E-01 -9.633 3.260 -7.348 0.878 -0.428 0.216 0.466 0.869 -0.170 -0.115 0.249 0.962
38 3.800E-01 -7.212 3.839 -7.316 0.938 0.347 0.010 -0.254 0.707 -0.660 -0.236 0.616 0.751
108 3.791E-01 -7.944 3.426 -7.875 0.675 0.716 -0.179 -0.637 0.442 -0.631 -0.373 0.540 0.755
127 3.690E-01 -7.654 2.539 -7.782 0.039 0.830 -0.556 -0.681 -0.385 -0.622 -0.731 0.403 0.550
64 3.774E-01 -6.392 3.018 -8.210 0.936 0.347 -0.055 -0.300 0.708 -0.639 -0.183 0.614 0.767
130 4.002E-01 -7.260 3.300 -7.704 0.783 -0.622 -0.029 0.488 0.584 0.649 -0.387 -0.522 0.760
8 4.218E-01 -4.579 -0.344 -4.767 -0.425 0.134 -0.895 -0.042 -0.991 -0.128 -0.904 -0.017 0.426
126 3.879E-01 -9.322 4.532 -9.394 -0.759 -0.599 0.256 -0.580 0.442 -0.685 0.297 -0.668 -0.682
33 3.909E-01 -8.499 2.044 -7.723 0.659 -0.657 -0.368 0.554 0.092 0.827 -0.509 -0.749 0.424
25 3.765E-01 -7.253 1.557 -8.996 -0.150 -0.244 -0.958 0.305 -0.933 0.190 -0.941 -0.263 0.215
26 3.833E-01 -7.443 1.388 -6.628 0.197 -0.610 -0.768 0.350 -0.688 0.636 -0.916 -0.394 0.078
106 3.790E-01 -6.467 1.553 -8.024 -0.000 -0.765 -0.644 0.577 -0.526 0.625 -0.817 -0.371 0.441
82 3.930E-01 -8.251 1.183 -5.388 -0.051 -0.820 -0.570 0.469 -0.524 0.711 -0.882 -0.231 0.411
85 3.806E-01 -6.578 0.674 -7.728 -0.185 -0.453 -0.872 0.337 -0.863 0.377 -0.923 -0.224 0.312
74 3.817E-01 -4.475 3.026 -7.274 0.664 0.690 -0.289 -0.334 -0.072 -0.940 -0.669 0.720 0.183
27 3.938E-01 -5.719 2.047 -9.089 -0.019 -0.259 -0.966 0.079 -0.963 0.257 -0.997 -0.072 0.038
122 3.828E-01 -7.427 1.655 -7.060 0.130 -0.302 -0.945 0.545 -0.774 0.322 -0.829 -0.556 0.064
31 3.773E-01 -7.231 0.811 -8.173 -0.242 -0.166 -0.956 0.095 -0.985 0.147 -0.966 -0.055 0.254
83 3.879E-01 -8.056 3.181 -5.795 0.257 0.927 -0.275 -0.897 0.123 -0.424 -0.359 0.355 0.863
118 3.678E-01 -9.377 2.070 -7.177 0.119 0.806 -0.580 -0.795 -0.273 -0.541 -0.594 0.526 0.609
42 3.746E-01 -8.954 1.361 -8.516 -0.415 0.290 -0.862 0.042 -0.941 -0.337 -0.909 -0.176 0.378
107 3.761E-01 -6.235 3.029 -7.467 0.506 0.822 -0.263 -0.796 0.327 -0.509 -0.333 0.467 0.819
28 3.723E-01 -7.208 1.708 -8.794 -0.291 0.133 -0.947 -0.141 -0.985 -0.095 -0.946 0.106 0.306
57 3.799E-01 -5.169 4.506 -6.497 0.325 0.939 -0.115 0.896 -0.267 0.354 0.302 -0.218 -0.928
53 3.863E-01 -7.101 2.011 -6.837 0.263 0.548 -0.794 -0.718 -0.438 -0.540 -0.644 0.712 0.279
86 3.648E-01 -8.838 1.900 -8.099 -0.369 -0.353 -0.860 0.061 -0.932 0.357 -0.928 0.079 0.365
34 3.844E-01 -7.536 1.560 -8.412 0.133 -0.639 -0.757 0.450 -0.642 0.621 -0.883 -0.423 0.202
77 3.826E-01 -5.299 2.411 -8.694 -0.296 0.562 -0.773 -0.067 -0.819 -0.570 -0.953 -0.117 0.280
59 3.775E-01 -8.279 0.958 -7.228 -0.374 -0.315 -0.872 0.199 -0.946 0.256 -0.906 -0.077 0.417
24 3.827E-01 -6.866 0.889 -7.360 -0.114 -0.521 -0.846 0.358 -0.816 0.454 -0.927 -0.251 0.280
29 3.822E-01 -7.182 2.811 -7.579 0.011 -0.396 -0.918 0.234 -0.892 0.388 -0.972 -0.219 0.083
5 3.786E-01 -7.545 0.758 -7.565 -0.156 -0.344 -0.926 0.274 -0.916 0.294 -0.949 -0.208 0.237
78 3.760E-01 -8.011 3.347 -6.193 0.249 0.935 -0.253 0.967 -0.223 0.126 0.062 -0.276 -0.959
102 3.955E-01 -7.894 1.204 -6.710 0.144 -0.476 -0.868 0.426 -0.762 0.488 -0.893 -0.440 0.093
68 3.292E-01 -16.948 -10.358 8.363 0.259 0.751 -0.608 -0.965 0.173 -0.197 -0.043 0.637 0.769
125 3.966E-01 -10.684 2.771 -3.756 0.274 0.671 -0.689 -0.946 0.061 -0.317 -0.171 0.739 0.651
101 3.939E-01 -2.910 -0.427 -5.717 0.600 0.692 0.401 0.692 -0.701 0.172 0.400 0.175 -0.900
65 3.760E-01 -8.437 0.726 -6.367 -0.030 0.093 -0.995 0.199 -0.975 -0.097 -0.980 -0.200 0.011
73 3.519E-01 -8.856 3.621 -8.681 0.550 0.682 -0.482 -0.069 -0.538 -0.840 -0.832 0.496 -0.248
92 3.814E-01 -7.626 2.200 -4.694 -0.148 -0.804 -0.576 0.533 -0.556 0.638 -0.833 -0.212 0.511
2 4.038E-01 -3.034 -3.507 -3.001 -0.142 0.305 -0.942 -0.643 -0.751 -0.146 -0.752 0.585 0.303
55 3.685E-01 -9.586 1.772 -6.013 0.690 0.688 -0.226 -0.646 0.444 -0.621 -0.327 0.575 0.750
18 4.003E-01 -4.865 -0.133 -3.736 0.058 -0.001 -0.998 -0.151 -0.988 -0.008 -0.987 0.152 -0.058
60 3.503E-01 -6.928 -3.250 4.786 0.624 -0.728 -0.284 0.311 -0.101 0.945 -0.716 -0.678 0.164
14 3.648E-01 7.347 25.406 -3.560 0.439 -0.633 -0.637 0.777 -0.088 0.623 -0.451 -0.769 0.453
21 5.037E-01 -3.027 -2.010 -1.670 0.872 -0.485 -0.064 0.481 0.874 -0.068 0.089 0.029 0.996
114 3.917E-01 -4.317 -3.219 -4.715 -0.157 -0.023 -0.987 -0.541 -0.834 0.106 -0.826 0.551 0.119
12 4.658E-01 -4.969 -1.600 -2.113 -0.097 0.846 -0.524 0.127 -0.511 -0.850 -0.987 -0.149 -0.058
80 3.390E-01 -0.952 1.872 0.154 0.764 0.645 0.017 0.626 -0.734 -0.264 -0.158 0.212 -0.964
32 3.463E-01 0.550 0.800 -1.493 0.914 -0.254 0.315 -0.314 0.046 0.948 -0.256 -0.966 -0.038
104 3.246E-01 -8.757 7.165 2.491 0.914 0.181 0.362 0.252 -0.954 -0.160 0.317 0.238 -0.918
121 4.236E-01 -9.860 3.223 3.870 0.958 0.277 -0.077 -0.232 0.904 0.358 0.169 -0.325 0.930
84 3.210E-01 -2.473 1.427 -2.066 0.941 0.323 0.099 -0.178 0.227 0.957 0.287 -0.919 0.271
79 3.101E-01 38.413 10.735 9.615 -0.618 0.773 -0.144 -0.141 -0.289 -0.947 -0.774 -0.565 0.288
103 3.544E-01 4.385 -0.616 -1.541 0.793 -0.602 -0.095 0.596 0.732 0.330 -0.129 -0.319 0.939
9 4.181E-01 -7.188 -3.224 -3.041 0.258 0.830 -0.495 -0.966 0.217 -0.139 -0.008 0.514 0.858
81 3.146E-01 -11.244 -6.769 12.267 0.771 0.597 -0.221 -0.624 0.778 -0.077 0.127 0.197 0.972
11 3.849E-01 -21.699 5.949 6.875 0.854 0.519 0.035 -0.503 0.805 0.316 0.136 -0.288 0.948
110 2.952E-01 30.726 2.913 3.082 -0.650 -0.682 0.336 -0.692 0.348 -0.632 0.314 -0.644 -0.698
123 3.169E-01 -12.357 3.311 -9.660 0.717 0.571 0.401 -0.685 0.470 0.556 0.129 -0.673 0.728
19 3.653E-01 -10.146 -10.123 8.111 0.847 0.206 0.491 0.092 -0.965 0.247 0.524 -0.164 -0.836
90 3.833E-01 -8.079 -6.590 -2.214 0.528 0.023 0.849 0.038 -0.999 0.003 0.849 0.031 -0.528
4 3.327E-01 -17.017 -8.364 -13.231 0.199 -0.972 0.126 0.715 0.232 0.659 -0.670 -0.042 0.742
129 3.130E-01 -7.737 2.776 -6.800 0.763 -0.625 0.161 -0.375 -0.225 0.899 -0.526 -0.747 -0.406
99 5.046E-01 -12.298 -7.654 -3.147 0.929 0.368 0.049 -0.368 0.899 0.238 0.043 -0.239 0.970
17 4.716E-01 -13.532 -10.091 -3.275 0.631 0.728 -0.268 -0.775 0.576 -0.260 -0.035 0.372 0.928
93 4.921E-01 -14.048 -9.004 -2.601 0.531 0.784 -0.321 -0.819 0.377 -0.433 -0.218 0.493 0.842
 55 1.000E+00 0.000 0.000 0.000 1.000 0.000 0.000 0.000 1.000 0.000 0.000 0.000 1.000
76 4.482E-01 1.688 -1.013 -0.621 0.338 0.421 -0.842 -0.629 -0.564 -0.535 -0.700 0.711 0.074
54 4.539E-01 1.536 0.790 -3.096 0.983 0.002 -0.185 0.058 0.946 0.319 0.175 -0.324 0.930
51 5.767E-01 1.662 0.449 -2.806 -0.084 0.994 -0.064 -0.404 -0.093 -0.910 -0.911 -0.050 0.409
56 5.002E-01 1.952 -0.027 -0.725 0.079 0.114 -0.990 -0.866 -0.485 -0.125 -0.494 0.867 0.060
71 4.538E-01 -1.038 0.594 -1.889 -0.072 0.932 -0.356 0.252 -0.328 -0.910 -0.965 -0.155 -0.211
109 5.337E-01 1.072 1.258 -4.029 0.900 0.320 -0.296 -0.286 0.946 0.151 0.328 -0.051 0.943
50 5.157E-01 1.131 1.033 -3.533 0.814 0.498 -0.299 -0.542 0.836 -0.082 0.209 0.229 0.951
43 5.007E-01 2.550 -0.151 -0.402 0.136 0.355 -0.925 -0.934 -0.265 -0.238 -0.329 0.897 0.296
57 4.370E-01 1.299 1.843 -4.567 -0.461 0.888 -0.001 0.724 0.375 -0.579 -0.513 -0.267 -0.816
45 4.715E-01 2.341 0.153 -2.474 0.747 0.637 -0.191 -0.665 0.725 -0.179 0.025 0.261 0.965
41 4.417E-01 0.364 -1.141 -2.709 0.133 -0.248 -0.960 -0.511 -0.847 0.148 -0.849 0.471 -0.239
77 4.342E-01 1.446 -0.419 -4.987 0.204 0.968 -0.145 -0.847 0.101 -0.522 -0.491 0.230 0.840
46 5.254E-01 2.037 -0.369 -3.571 0.085 0.984 -0.159 -0.633 -0.070 -0.771 -0.769 0.166 0.617
35 5.073E-01 1.818 -0.008 -1.150 0.110 0.327 -0.938 -0.992 -0.022 -0.124 -0.062 0.945 0.322
113 4.827E-01 0.888 0.372 -4.319 0.877 -0.413 -0.245 0.381 0.289 0.878 -0.292 -0.864 0.410
52 5.122E-01 2.014 0.435 -2.547 0.584 0.624 -0.519 -0.796 0.566 -0.215 0.159 0.539 0.827
44 5.671E-01 2.223 -0.340 -2.192 0.411 0.643 -0.647 -0.912 0.289 -0.293 -0.001 0.710 0.704
69 4.648E-01 2.241 0.616 -1.691 0.176 0.098 -0.980 -0.399 -0.903 -0.162 -0.900 0.419 -0.120
58 4.339E-01 2.023 -0.311 -5.600 0.027 0.997 0.074 -0.628 0.074 -0.775 -0.778 -0.025 0.628
3 4.384E-01 -0.082 -0.907 -1.045 0.302 0.445 -0.843 -0.763 -0.418 -0.493 -0.572 0.792 0.214
13 4.859E-01 0.750 -0.714 -2.448 0.096 -0.008 -0.995 -0.692 -0.720 -0.061 -0.716 0.694 -0.075
49 4.220E-01 2.748 0.866 -0.017 0.363 0.323 -0.874 -0.481 -0.739 -0.472 -0.798 0.592 -0.113
70 5.254E-01 1.863 1.365 -3.517 0.959 0.235 -0.155 -0.222 0.970 0.100 0.174 -0.061 0.983
116 5.387E-01 1.927 0.384 -2.331 0.028 0.099 -0.995 -0.911 -0.407 -0.066 -0.411 0.908 0.079
48 5.032E-01 2.226 -0.100 -1.620 0.596 0.697 -0.397 -0.799 0.561 -0.215 0.073 0.446 0.892
82 4.144E-01 0.713 -2.132 -2.179 0.381 0.011 -0.925 -0.445 -0.874 -0.194 -0.810 0.485 -0.328
83 4.395E-01 0.336 -0.665 -3.575 0.865 0.282 -0.416 -0.199 0.952 0.231 0.461 -0.117 0.879
42 5.714E-01 1.697 -1.530 -2.176 0.015 0.833 -0.553 -0.804 -0.319 -0.502 -0.595 0.452 0.665
78 4.375E-01 0.340 0.659 -1.978 -0.450 0.887 0.104 0.584 0.380 -0.717 -0.676 -0.261 -0.689
47 5.004E-01 2.407 -0.039 -3.132 0.345 0.762 -0.549 -0.886 0.071 -0.458 -0.310 0.644 0.699
23 4.634E-01 1.866 0.373 -1.515 -0.434 0.878 0.202 0.672 0.465 -0.577 -0.600 -0.115 -0.792
66 4.402E-01 1.915 0.788 -5.485 0.495 -0.814 -0.305 0.566 0.036 0.824 -0.660 -0.580 0.478
130 4.103E-01 0.304 1.200 -2.456 0.318 -0.631 -0.707 0.538 -0.494 0.683 -0.781 -0.598 0.183
112 5.901E-01 0.919 0.375 -2.398 0.996 -0.088 0.035 0.080 0.981 0.174 -0.050 -0.170 0.984
38 5.532E-01 0.914 0.569 -2.853 0.851 -0.510 0.124 0.476 0.850 0.225 -0.221 -0.133 0.966
30 4.965E-01 0.763 -0.184 -1.985 0.941 -0.337 -0.033 0.337 0.941 -0.017 0.037 0.004 0.999
72 5.748E-01 0.557 0.336 -2.036 0.994 0.036 0.101 -0.028 0.996 -0.081 -0.104 0.078 0.992
115 5.484E-01 1.860 -0.227 -2.780 0.571 0.819 -0.054 -0.707 0.457 -0.540 -0.417 0.346 0.840
39 4.987E-01 0.516 1.642 -4.160 0.933 -0.357 -0.057 0.355 0.877 0.323 -0.065 -0.322 0.945
15 5.330E-01 0.537 -0.189 -2.332 0.335 -0.916 -0.221 0.779 0.137 0.612 -0.530 -0.377 0.759
62 5.041E-01 0.854 0.546 -2.499 0.249 0.545 -0.801 -0.654 -0.515 -0.554 -0.714 0.662 0.228
25 5.231E-01 1.303 -0.019 -2.397 0.090 0.640 -0.763 -0.509 -0.629 -0.588 -0.856 0.441 0.269
85 5.129E-01 1.897 -0.006 -1.921 0.051 0.455 -0.889 -0.577 -0.713 -0.399 -0.815 0.533 0.226
22 4.866E-01 0.430 0.411 -2.299 0.828 0.512 -0.230 -0.552 0.667 -0.501 -0.103 0.542 0.834
33 4.106E-01 -0.475 -0.729 -1.762 0.172 -0.201 -0.965 0.389 -0.886 0.253 -0.905 -0.418 -0.074
94 4.108E-01 5.514 -0.735 -2.431 0.979 -0.093 0.179 0.165 0.880 -0.445 -0.116 0.465 0.878
53 4.560E-01 0.382 0.528 -2.298 0.963 0.222 -0.155 -0.270 0.733 -0.624 -0.025 0.642 0.766
119 5.653E-01 0.751 0.173 -2.860 0.887 -0.460 0.041 0.404 0.816 0.414 -0.224 -0.351 0.909
118 5.471E-01 1.431 -0.136 -0.459 0.798 0.503 -0.332 -0.595 0.746 -0.299 0.097 0.436 0.895
64 5.923E-01 0.308 0.309 -3.357 0.845 -0.492 0.210 0.459 0.868 0.189 -0.275 -0.063 0.959
5 5.219E-01 1.378 -0.331 -1.643 0.101 0.496 -0.863 -0.561 -0.687 -0.461 -0.821 0.531 0.209
107 5.163E-01 0.935 0.930 -3.364 0.990 0.111 -0.089 -0.097 0.984 0.153 0.104 -0.142 0.984
67 5.808E-01 1.358 -0.191 -0.430 -0.099 0.782 0.615 0.927 0.297 -0.229 -0.362 0.547 -0.755
65 4.213E-01 1.225 -0.768 -0.829 0.201 0.787 -0.583 -0.547 -0.403 -0.734 -0.813 0.466 0.349
105 5.832E-01 0.735 2.221 -4.262 0.971 0.230 -0.066 -0.239 0.953 -0.186 0.020 0.196 0.980
106 5.503E-01 1.389 -0.126 -2.088 -0.078 0.080 -0.994 -0.303 -0.952 -0.053 -0.950 0.297 0.099
59 4.844E-01 0.561 -1.700 -1.899 0.031 0.534 -0.845 -0.791 -0.503 -0.348 -0.611 0.679 0.407
24 5.257E-01 1.758 0.133 -1.316 0.081 0.355 -0.932 -0.522 -0.781 -0.343 -0.849 0.514 0.122
28 5.472E-01 1.872 -0.103 -1.978 0.166 0.743 -0.648 -0.812 -0.270 -0.517 -0.560 0.612 0.559
79 3.382E-01 -0.076 7.351 -0.006 0.174 0.985 0.009 0.951 -0.166 -0.262 -0.257 0.054 -0.965
29 5.129E-01 0.677 0.450 -2.496 0.349 0.467 -0.813 -0.416 -0.700 -0.581 -0.840 0.541 -0.050
31 5.313E-01 1.789 -0.568 -1.488 0.096 0.587 -0.804 -0.713 -0.523 -0.467 -0.694 0.618 0.368
27 4.443E-01 1.274 1.400 -2.503 0.303 0.611 -0.732 -0.498 -0.553 -0.668 -0.813 0.566 0.137
111 4.354E-01 -0.218 0.588 -3.113 0.426 0.415 -0.804 -0.430 -0.689 -0.584 -0.796 0.594 -0.115
127 5.341E-01 1.775 -0.159 -2.958 0.752 0.632 -0.185 -0.657 0.698 -0.286 -0.052 0.337 0.940
75 5.252E-01 1.298 -1.178 -1.420 -0.026 0.684 -0.729 -0.481 -0.648 -0.591 -0.877 0.335 0.346
6 4.910E-01 1.076 -0.598 -2.000 0.088 0.291 -0.953 -0.484 -0.823 -0.296 -0.871 0.487 0.069
61 5.671E-01 0.510 0.995 -3.109 0.164 0.611 -0.775 -0.608 -0.556 -0.567 -0.777 0.564 0.280
34 4.817E-01 0.264 -1.229 -3.055 0.227 0.372 -0.900 -0.195 -0.888 -0.416 -0.954 0.270 -0.129
108 5.450E-01 1.151 0.719 -3.018 1.000 -0.002 0.018 0.001 0.997 0.076 -0.019 -0.076 0.997
86 5.618E-01 1.989 -0.360 -1.639 0.059 0.337 -0.940 -0.762 -0.593 -0.260 -0.645 0.731 0.222
26 4.504E-01 0.236 -0.762 -1.327 0.192 0.269 -0.944 -0.340 -0.884 -0.321 -0.921 0.382 -0.079
16 4.323E-01 -0.797 -1.024 -2.906 0.085 -0.544 -0.835 0.430 -0.735 0.523 -0.899 -0.404 0.172
131 6.109E-01 1.588 1.184 -3.512 -0.037 0.699 -0.714 -0.684 -0.539 -0.492 -0.729 0.470 0.498
73 5.022E-01 0.216 -0.671 -3.438 0.735 0.586 0.341 -0.073 0.568 -0.820 -0.674 0.578 0.460
60 3.467E-01 1.433 5.827 10.597 0.488 -0.213 -0.847 0.142 -0.938 0.318 -0.861 -0.275 -0.427
102 4.726E-01 -0.640 -1.985 -2.614 0.233 0.497 -0.836 -0.297 -0.782 -0.548 -0.926 0.376 -0.035
68 3.177E-01 -2.459 -2.475 19.996 0.797 0.200 -0.570 -0.300 0.950 -0.086 0.524 0.240 0.817
74 4.580E-01 -1.088 0.699 -4.090 0.840 -0.052 0.540 0.183 0.964 -0.193 -0.510 0.261 0.819
32 3.563E-01 5.776 9.069 1.058 0.911 0.160 -0.381 0.370 -0.724 0.582 -0.183 -0.671 -0.718
80 3.265E-01 3.958 9.799 3.325 0.218 0.836 0.504 0.726 0.206 -0.656 -0.652 0.509 -0.562
84 3.338E-01 3.795 6.922 0.418 0.657 0.402 -0.637 0.750 -0.271 0.603 0.070 -0.874 -0.480
104 3.590E-01 -5.713 8.218 3.394 0.371 0.670 0.643 0.923 -0.190 -0.334 -0.102 0.718 -0.688
92 4.216E-01 1.029 -0.220 -2.365 -0.118 -0.118 -0.986 -0.543 -0.824 0.163 -0.831 0.555 0.033
117 4.182E-01 1.669 -0.685 -1.432 0.640 0.585 -0.499 -0.239 -0.466 -0.852 -0.731 0.664 -0.158
128 3.504E-01 4.281 6.200 -2.593 0.426 -0.758 -0.494 0.814 0.083 0.576 -0.395 -0.647 0.652
8 3.410E-01 3.999 3.442 0.856 0.052 0.755 -0.654 -0.834 -0.327 -0.444 -0.549 0.569 0.612
122 4.148E-01 -0.658 -0.711 -2.310 -0.003 0.681 -0.732 -0.287 -0.702 -0.652 -0.958 0.209 0.198
101 3.762E-01 5.503 3.602 0.098 -0.172 0.878 0.447 0.945 0.275 -0.177 -0.278 0.392 -0.877
110 2.907E-01 1.334 7.921 -12.929 0.929 -0.030 0.368 -0.196 0.804 0.561 -0.313 -0.594 0.741
100 3.475E-01 4.082 3.468 -2.415 0.378 0.267 -0.886 -0.719 -0.518 -0.463 -0.583 0.812 -0.004
18 3.664E-01 3.979 3.405 1.727 0.469 0.574 -0.671 -0.614 -0.335 -0.715 -0.635 0.747 0.195
103 2.944E-01 9.388 11.689 4.496 0.205 -0.766 -0.609 0.807 -0.220 0.548 -0.554 -0.604 0.573
81 3.018E-01 -1.420 5.074 19.756 0.900 -0.130 -0.415 0.289 0.892 0.348 0.325 -0.434 0.840
114 3.634E-01 6.593 1.945 2.493 0.487 0.355 -0.798 -0.839 -0.063 -0.540 -0.242 0.933 0.268
91 3.470E-01 3.621 6.260 0.037 0.995 -0.028 -0.097 0.098 0.526 0.845 0.027 -0.850 0.527
126 3.360E-01 -0.648 -0.528 -4.193 -0.237 -0.483 0.843 -0.612 -0.600 -0.515 0.754 -0.638 -0.154
98 3.578E-01 3.176 2.479 -3.398 0.851 -0.394 -0.347 0.500 0.809 0.308 0.159 -0.436 0.886
124 3.803E-01 -0.827 4.446 -2.317 0.646 0.415 -0.641 -0.682 0.691 -0.239 0.343 0.592 0.729
120 3.609E-01 1.927 1.486 -3.281 0.300 0.447 -0.842 -0.786 -0.385 -0.484 -0.541 0.807 0.236
7 3.544E-01 4.807 5.783 -3.275 0.894 0.159 -0.420 -0.366 0.799 -0.477 0.259 0.580 0.772
97 3.438E-01 3.184 9.381 -1.904 0.820 -0.443 -0.362 0.567 0.543 0.620 -0.078 -0.713 0.697
0 3.443E-01 5.795 9.260 3.443 0.690 -0.646 -0.327 0.688 0.444 0.575 -0.226 -0.621 0.750
10 3.482E-01 2.126 6.733 -4.120 0.513 -0.637 -0.576 0.740 -0.012 0.672 -0.435 -0.771 0.465
95 3.622E-01 3.141 6.501 4.175 0.490 0.092 -0.867 -0.491 -0.792 -0.362 -0.720 0.603 -0.343
40 3.642E-01 1.701 6.311 -0.208 0.749 0.089 -0.656 -0.372 0.877 -0.305 0.548 0.472 0.690
2 3.481E-01 6.736 2.790 2.218 0.572 0.533 -0.623 -0.819 0.332 -0.468 -0.043 0.778 0.627
63 3.452E-01 2.926 9.718 1.947 0.894 0.216 -0.392 -0.223 0.974 0.030 0.389 0.060 0.919
1 3.426E-01 6.475 7.954 -3.228 0.897 -0.436 0.076 0.394 0.865 0.311 -0.201 -0.249 0.947
96 3.277E-01 1.440 8.535 1.091 -0.121 0.601 0.790 0.992 0.111 0.067 -0.047 0.791 -0.610
89 3.675E-01 5.704 4.689 1.888 0.289 0.713 0.639 0.620 -0.648 0.442 0.729 0.268 -0.629
87 3.423E-01 4.121 8.139 3.780 0.537 0.245 -0.808 -0.281 0.954 0.102 0.796 0.172 0.581
88 3.578E-01 2.898 5.854 -1.732 0.635 0.316 -0.705 -0.742 0.502 -0.444 0.213 0.805 0.554
37 4.244E-01 -0.800 -0.388 -2.712 0.207 0.718 -0.664 -0.345 -0.582 -0.736 -0.915 0.382 0.127
20 3.688E-01 7.818 5.286 -1.310 0.709 0.591 -0.385 -0.673 0.404 -0.619 -0.210 0.698 0.684
123 4.152E-01 2.448 -2.183 -3.997 0.443 0.667 -0.599 0.204 0.575 0.792 0.873 -0.473 0.119
36 3.944E-01 -0.214 0.554 -2.314 0.977 0.206 -0.048 -0.192 0.767 -0.612 -0.089 0.607 0.789
14 3.072E-01 -1.779 11.344 -7.735 0.175 0.775 -0.608 -0.941 -0.050 -0.334 -0.289 0.630 0.720
125 3.427E-01 -2.193 -0.160 0.903 0.866 0.180 -0.466 -0.288 0.943 -0.170 0.408 0.281 0.868
21 3.738E-01 4.706 5.320 1.584 0.192 -0.954 -0.231 0.815 0.024 0.579 -0.546 -0.299 0.782
12 4.068E-01 3.186 3.435 2.034 0.173 0.945 0.279 -0.671 0.320 -0.669 -0.721 -0.071 0.689
121 4.161E-01 -4.193 6.462 6.691 0.773 -0.257 -0.581 0.627 0.449 0.637 0.097 -0.856 0.508
9 4.256E-01 3.857 1.147 4.783 0.810 0.252 -0.529 -0.244 0.966 0.087 0.533 0.058 0.844
11 3.904E-01 -15.367 0.841 9.797 0.868 -0.069 -0.492 0.446 0.546 0.709 0.220 -0.835 0.505
19 3.226E-01 2.582 2.403 18.140 0.371 0.807 0.460 0.913 -0.408 -0.021 0.170 0.428 -0.888
90 4.033E-01 5.662 -0.672 8.257 0.116 0.643 0.757 0.822 -0.490 0.291 0.558 0.588 -0.585
4 3.512E-01 3.764 -13.735 2.480 -0.108 -0.811 -0.575 0.075 -0.584 0.809 -0.991 0.044 0.124
129 3.165E-01 0.108 0.559 -1.868 0.930 0.020 -0.366 0.114 -0.965 0.235 -0.349 -0.261 -0.900
99 5.015E-01 3.320 -4.350 8.673 0.865 -0.244 -0.439 0.499 0.514 0.698 0.056 -0.823 0.566
17 2.600E-01 3.944 -6.396 9.956 0.953 0.020 -0.301 0.047 0.976 0.213 0.299 -0.217 0.929
93 2.848E-01 2.857 -5.786 10.031 0.968 0.147 -0.202 -0.140 0.989 0.046 0.206 -0.016 0.978
 15 1.000E+00 0.000 0.000 -0.000 1.000 0.000 0.000 -0.000 1.000 -0.000 -0.000 0.000 1.000
16 6.249E-01 0.814 -0.421 -0.685 0.911 -0.407 -0.064 0.199 0.299 0.933 -0.361 -0.863 0.354
24 6.271E-01 -0.019 -1.003 0.072 0.099 -0.716 -0.692 0.128 -0.680 0.722 -0.987 -0.160 0.025
127 6.724E-01 0.530 -0.007 -0.653 -0.231 0.538 -0.811 -0.784 -0.597 -0.173 -0.576 0.595 0.560
25 6.404E-01 0.354 -0.350 -0.228 0.112 -0.514 -0.850 0.184 -0.830 0.526 -0.977 -0.215 0.002
118 6.321E-01 -1.059 -1.068 1.256 -0.251 0.526 -0.813 -0.829 -0.551 -0.100 -0.500 0.648 0.574
106 6.398E-01 0.292 -0.312 -0.371 0.275 -0.859 -0.432 0.371 -0.320 0.872 -0.887 -0.400 0.231
5 6.640E-01 0.087 -0.409 -0.315 0.065 -0.640 -0.765 0.093 -0.760 0.643 -0.993 -0.113 0.010
29 5.803E-01 -0.212 0.017 0.129 0.224 -0.597 -0.770 -0.072 -0.798 0.598 -0.972 -0.078 -0.222
130 4.145E-01 1.256 -0.498 0.159 0.956 -0.246 0.160 0.038 0.645 0.763 -0.291 -0.723 0.626
115 6.452E-01 1.134 -0.989 -0.578 -0.119 0.426 -0.897 -0.475 -0.818 -0.325 -0.872 0.387 0.300
26 5.597E-01 0.054 -0.665 -0.583 0.440 -0.761 -0.477 -0.048 -0.550 0.834 -0.897 -0.344 -0.278
64 5.550E-01 -0.536 1.810 -0.302 0.849 0.481 -0.216 -0.511 0.651 -0.561 -0.129 0.588 0.799
85 6.158E-01 0.378 -0.486 -0.023 0.026 -0.686 -0.728 0.208 -0.708 0.675 -0.978 -0.169 0.124
72 5.937E-01 0.302 0.479 0.256 0.364 0.739 -0.566 -0.876 0.066 -0.478 -0.316 0.670 0.672
86 6.220E-01 -0.096 -1.067 0.263 -0.242 -0.731 -0.638 0.104 -0.674 0.732 -0.965 0.111 0.239
34 5.992E-01 0.742 -0.892 -0.408 0.417 -0.749 -0.515 0.131 -0.512 0.849 -0.900 -0.421 -0.115
31 6.401E-01 -0.234 -0.534 -0.473 -0.148 -0.491 -0.859 0.085 -0.871 0.483 -0.985 -0.001 0.171
28 5.615E-01 0.010 -0.529 -0.414 -0.268 -0.256 -0.929 -0.048 -0.959 0.278 -0.962 0.119 0.245
107 6.342E-01 1.538 0.802 -0.328 0.192 0.857 -0.478 -0.961 0.064 -0.270 -0.201 0.512 0.835
75 6.589E-01 -0.958 -0.170 -0.244 0.103 -0.453 -0.886 0.280 -0.841 0.463 -0.954 -0.296 0.041
61 5.784E-01 0.775 0.115 -0.217 0.019 -0.477 -0.879 0.029 -0.878 0.478 -0.999 -0.035 -0.002
53 5.598E-01 0.746 0.172 0.057 0.064 0.265 -0.962 -0.918 -0.362 -0.161 -0.391 0.894 0.220
38 6.510E-01 0.788 0.609 -0.301 0.778 0.558 -0.289 -0.624 0.630 -0.462 -0.076 0.539 0.839
112 6.113E-01 0.376 0.285 -0.202 0.441 0.818 -0.371 -0.861 0.269 -0.431 -0.253 0.509 0.823
30 6.018E-01 0.081 0.601 0.016 0.548 0.596 -0.587 -0.834 0.446 -0.325 0.069 0.668 0.741
6 5.769E-01 0.008 -0.724 0.391 0.139 -0.787 -0.601 0.149 -0.584 0.798 -0.979 -0.200 0.036
27 4.518E-01 2.767 -2.511 0.005 0.192 -0.610 -0.768 -0.165 -0.792 0.588 -0.967 0.013 -0.253
33 4.439E-01 -0.807 -0.921 -1.344 0.941 -0.310 -0.137 0.099 -0.137 0.986 -0.324 -0.941 -0.098
105 5.964E-01 1.833 1.296 -0.252 0.200 0.733 -0.650 -0.921 -0.086 -0.381 -0.335 0.674 0.658
67 6.261E-01 -0.744 -1.299 1.461 0.862 0.221 0.457 0.386 -0.869 -0.308 0.330 0.442 -0.834
39 4.952E-01 1.354 1.970 -0.401 0.708 0.680 -0.193 -0.704 0.653 -0.281 -0.065 0.334 0.940
111 4.380E-01 0.952 0.466 -0.369 0.308 -0.690 -0.655 -0.254 -0.723 0.642 -0.917 -0.031 -0.398
62 6.395E-01 0.571 -0.427 0.387 -0.020 -0.517 -0.856 -0.156 -0.844 0.513 -0.988 0.144 -0.063
59 6.370E-01 -1.122 -0.979 -0.341 -0.235 -0.610 -0.757 0.085 -0.788 0.609 -0.968 0.079 0.237
119 6.447E-01 0.662 0.816 -0.689 0.747 0.636 -0.197 -0.664 0.696 -0.273 -0.036 0.334 0.942
22 6.151E-01 0.915 0.525 -0.048 -0.198 0.283 -0.938 -0.719 -0.692 -0.057 -0.666 0.664 0.341
73 6.024E-01 0.942 0.177 -0.519 0.585 0.306 -0.751 -0.511 -0.580 -0.634 -0.630 0.755 -0.183
131 5.769E-01 1.478 0.187 -0.115 -0.193 -0.400 -0.896 0.220 -0.908 0.358 -0.956 -0.128 0.263
108 5.813E-01 0.482 0.084 -0.038 0.407 0.807 -0.428 -0.888 0.239 -0.393 -0.215 0.540 0.814
94 4.160E-01 1.450 -4.965 -0.972 0.614 0.327 -0.718 -0.789 0.246 -0.563 -0.008 0.913 0.409
102 5.475E-01 -0.692 -1.165 0.153 0.357 -0.506 -0.785 -0.013 -0.843 0.538 -0.934 -0.182 -0.307
74 5.110E-01 1.927 0.778 -0.397 0.695 0.527 -0.490 -0.626 0.108 -0.772 -0.354 0.843 0.406
42 6.069E-01 -0.269 -0.866 -1.327 -0.295 -0.169 -0.940 0.081 -0.985 0.151 -0.952 -0.031 0.305
60 3.361E-01 -2.286 -3.940 13.259 0.776 -0.608 0.169 -0.163 0.065 0.984 -0.610 -0.791 -0.048
56 5.937E-01 0.449 -1.114 0.629 -0.377 -0.822 -0.427 0.085 -0.490 0.868 -0.922 0.291 0.254
68 3.205E-01 -15.386 -4.312 14.004 -0.301 0.562 -0.770 -0.932 -0.002 0.363 0.203 0.827 0.525
43 6.240E-01 -0.017 -1.044 0.127 -0.490 -0.569 -0.660 -0.144 -0.694 0.705 -0.860 0.441 0.258
51 5.085E-01 1.238 0.212 -0.391 0.170 0.280 -0.945 0.387 -0.901 -0.197 -0.906 -0.332 -0.262
71 4.646E-01 0.860 0.458 0.046 0.795 0.190 -0.576 0.247 -0.969 0.022 -0.554 -0.160 -0.817
54 4.996E-01 1.541 -0.204 -0.327 0.268 0.911 -0.315 -0.959 0.220 -0.179 -0.094 0.350 0.932
83 5.246E-01 0.880 0.283 -0.589 -0.209 0.884 -0.418 -0.974 -0.224 0.013 -0.082 0.410 0.908
45 5.703E-01 1.697 -0.565 -0.024 -0.213 0.574 -0.791 -0.845 -0.515 -0.146 -0.491 0.637 0.595
82 5.298E-01 -0.435 -0.285 -0.309 0.153 -0.964 -0.218 0.049 -0.213 0.976 -0.987 -0.160 0.015
69 4.815E-01 0.353 -0.089 -0.352 0.265 -0.830 -0.490 0.037 -0.499 0.866 -0.964 -0.247 -0.102
116 6.253E-01 1.187 -1.075 0.064 -0.458 -0.756 -0.468 -0.018 -0.518 0.855 -0.889 0.400 0.224
41 5.656E-01 0.451 -0.832 0.116 0.122 -0.993 0.008 0.170 0.029 0.985 -0.978 -0.118 0.172
76 5.191E-01 -0.729 -1.456 0.716 0.007 -0.651 -0.759 -0.221 -0.741 0.634 -0.975 0.163 -0.150
80 3.462E-01 6.023 -2.840 8.377 0.958 0.280 -0.066 0.223 -0.867 -0.447 -0.183 0.413 -0.892
77 4.571E-01 1.884 -1.585 -2.396 -0.271 0.293 -0.917 -0.326 -0.924 -0.199 -0.906 0.245 0.346
48 6.151E-01 0.580 -0.779 -0.490 -0.480 0.368 -0.796 -0.639 -0.769 0.031 -0.601 0.524 0.604
3 6.241E-01 0.130 -0.843 0.639 -0.061 -0.682 -0.729 -0.382 -0.659 0.648 -0.922 0.318 -0.221
113 6.046E-01 2.065 1.058 -1.387 0.703 0.613 0.361 -0.692 0.708 0.145 -0.166 -0.351 0.921
109 5.872E-01 2.303 0.598 -0.571 -0.107 0.839 -0.533 -0.984 -0.167 -0.066 -0.145 0.517 0.844
44 5.613E-01 0.893 -1.877 -0.089 -0.507 0.051 -0.861 -0.541 -0.796 0.271 -0.672 0.603 0.431
35 6.310E-01 0.863 -0.556 0.363 -0.675 -0.429 -0.600 -0.212 -0.666 0.715 -0.707 0.610 0.359
50 5.783E-01 1.944 0.265 0.018 -0.261 0.680 -0.686 -0.890 -0.444 -0.101 -0.373 0.584 0.721
84 3.928E-01 5.929 -2.951 2.674 0.860 0.262 0.437 -0.382 -0.236 0.893 0.337 -0.936 -0.103
49 5.383E-01 0.594 -2.006 1.465 0.296 -0.728 -0.618 -0.327 -0.686 0.650 -0.897 0.010 -0.442
52 5.917E-01 2.080 -0.530 -0.476 -0.478 0.338 -0.811 -0.711 -0.690 0.131 -0.516 0.640 0.570
57 4.342E-01 2.982 -1.336 -1.402 0.652 0.758 0.023 0.758 -0.651 -0.043 -0.017 0.045 -0.999
23 5.698E-01 0.432 -0.501 0.529 0.690 0.721 0.067 0.723 -0.690 -0.016 0.035 0.059 -0.998
104 3.999E-01 6.115 4.430 -5.783 0.907 -0.407 0.107 0.025 -0.202 -0.979 0.420 0.891 -0.173
66 4.912E-01 3.308 -0.670 -1.694 0.969 0.089 0.231 -0.150 0.953 0.262 -0.197 -0.289 0.937
32 3.618E-01 5.832 2.203 -0.741 0.962 -0.121 0.244 -0.138 -0.989 0.052 0.235 -0.083 -0.968
13 5.548E-01 -0.367 0.284 -0.431 -0.170 -0.911 -0.375 0.105 -0.395 0.913 -0.980 0.116 0.162
46 5.076E-01 1.386 -0.067 -1.285 -0.038 0.225 -0.974 0.080 -0.971 -0.227 -0.996 -0.086 0.019
78 5.241E-01 1.151 -0.935 0.373 0.722 0.686 -0.089 0.683 -0.727 -0.070 -0.113 -0.010 -0.994
70 5.238E-01 2.483 0.097 -0.186 0.102 0.855 -0.509 -0.974 -0.017 -0.225 -0.201 0.519 0.831
47 5.841E-01 0.632 -0.293 -0.785 -0.393 0.023 -0.919 -0.364 -0.922 0.133 -0.845 0.387 0.370
65 4.268E-01 -0.439 -2.090 0.474 0.136 -0.294 -0.946 -0.132 -0.952 0.277 -0.982 0.087 -0.168
58 4.253E-01 2.642 -2.057 -3.105 -0.004 0.416 -0.909 -0.024 -0.909 -0.416 -1.000 0.020 0.014
55 5.021E-01 -1.196 -0.463 1.997 0.333 0.775 -0.538 -0.920 0.141 -0.367 -0.208 0.617 0.759
110 3.512E-01 10.773 6.767 -5.429 0.262 0.965 0.030 -0.654 0.200 -0.729 -0.709 0.172 0.684
79 3.049E-01 3.162 11.676 -2.623 0.978 -0.203 -0.039 -0.114 -0.372 -0.921 0.173 0.906 -0.387
117 4.880E-01 -0.610 -0.345 -0.584 0.445 -0.455 -0.771 -0.377 -0.877 0.299 -0.812 0.157 -0.561
92 4.083E-01 0.116 -0.544 -0.216 0.012 -0.961 -0.277 0.252 -0.265 0.931 -0.968 -0.081 0.239
128 3.026E-01 6.880 -3.105 3.870 0.971 0.199 -0.128 -0.134 0.909 0.394 0.195 -0.366 0.910
81 3.035E-01 8.909 -0.448 1.394 0.255 0.899 0.357 0.634 -0.434 0.640 0.730 0.063 -0.681
103 2.850E-01 4.147 14.090 -7.225 0.741 -0.612 0.276 -0.354 -0.705 -0.614 0.571 0.357 -0.739
122 4.807E-01 -0.081 0.361 -0.627 0.403 -0.366 -0.839 0.187 -0.864 0.467 -0.896 -0.345 -0.280
101 4.248E-01 -0.458 0.047 -0.174 0.500 0.692 0.520 0.864 -0.436 -0.251 0.053 0.575 -0.816
8 3.015E-01 2.261 -4.021 3.733 -0.313 -0.290 -0.904 -0.110 -0.935 0.338 -0.943 0.205 0.261
18 3.852E-01 0.721 0.842 1.223 0.132 -0.152 -0.980 -0.662 -0.749 0.027 -0.738 0.645 -0.199
114 3.177E-01 1.201 -7.235 3.871 -0.334 -0.413 -0.848 -0.622 -0.579 0.527 -0.709 0.703 -0.063
126 3.447E-01 0.593 0.540 -2.615 -0.959 -0.282 -0.007 -0.127 0.456 -0.881 0.252 -0.845 -0.473
100 3.617E-01 4.183 -3.072 1.014 -0.090 -0.732 -0.675 -0.379 -0.602 0.703 -0.921 0.319 -0.224
91 3.434E-01 4.861 -2.564 4.651 0.425 0.845 0.325 -0.905 0.389 0.172 0.019 -0.367 0.930
124 3.881E-01 3.315 1.428 2.230 -0.480 0.340 -0.809 -0.859 -0.370 0.354 -0.179 0.865 0.469
7 3.292E-01 6.190 -1.975 1.905 -0.046 0.346 -0.937 -0.993 -0.116 0.006 -0.107 0.931 0.349
98 3.589E-01 3.697 -2.286 -0.251 0.593 0.715 -0.371 -0.715 0.679 0.165 0.370 0.167 0.914
63 3.492E-01 6.419 -2.525 9.014 -0.113 0.761 -0.639 -0.988 -0.016 0.156 0.108 0.649 0.753
88 3.652E-01 5.008 -1.523 2.573 -0.451 0.089 -0.888 -0.849 -0.351 0.395 -0.277 0.932 0.234
97 3.497E-01 7.997 -0.829 5.125 0.773 0.633 -0.044 -0.591 0.744 0.313 0.231 -0.216 0.949
10 3.530E-01 6.483 0.726 1.277 0.990 0.131 0.048 -0.134 0.795 0.591 0.039 -0.592 0.805
120 3.735E-01 3.131 -1.829 -0.549 -0.160 -0.613 -0.773 -0.319 -0.709 0.628 -0.934 0.347 -0.083
20 3.584E-01 6.358 -6.139 2.925 -0.130 0.149 -0.980 -0.784 -0.621 0.009 -0.607 0.769 0.198
40 3.657E-01 4.281 -0.620 4.723 -0.305 0.446 -0.842 -0.937 0.017 0.349 0.170 0.895 0.412
89 3.612E-01 3.411 -5.698 5.626 0.146 -0.386 0.911 -0.313 -0.891 -0.328 0.939 -0.237 -0.251
87 3.410E-01 4.516 -3.666 8.909 -0.456 0.716 -0.529 -0.780 -0.036 0.625 0.428 0.698 0.575
96 3.059E-01 5.349 -0.306 6.933 0.741 -0.125 0.660 0.367 -0.748 -0.553 0.563 0.652 -0.509
0 3.426E-01 6.126 -4.954 9.299 0.889 0.449 -0.096 -0.415 0.875 0.248 0.195 -0.181 0.964
95 3.644E-01 2.569 -3.481 8.433 0.202 -0.906 -0.371 -0.386 -0.422 0.821 -0.900 -0.023 -0.435
1 3.340E-01 8.994 -4.335 3.331 0.721 0.639 -0.270 -0.693 0.679 -0.243 0.028 0.362 0.932
125 3.535E-01 -2.316 0.764 2.300 -0.160 0.608 -0.777 -0.983 -0.030 0.179 0.086 0.793 0.603
14 2.807E-01 11.101 5.579 2.712 -0.474 -0.115 -0.873 -0.312 -0.905 0.289 -0.824 0.409 0.393
2 3.411E-01 2.202 -7.297 4.461 -0.391 -0.003 -0.920 -0.722 -0.619 0.309 -0.570 0.785 0.240
37 5.239E-01 0.337 0.697 -0.081 0.397 -0.399 -0.826 -0.051 -0.909 0.415 -0.916 -0.123 -0.381
36 4.989E-01 1.061 0.687 0.378 0.325 0.256 -0.910 -0.933 -0.071 -0.353 -0.155 0.964 0.216
123 4.599E-01 0.622 -1.369 -2.344 0.042 0.883 0.467 -0.875 -0.194 0.444 0.483 -0.427 0.764
21 3.695E-01 3.460 -4.753 5.117 0.990 -0.136 -0.041 0.141 0.974 0.177 0.016 -0.181 0.983
121 4.154E-01 -1.374 2.865 10.787 0.696 0.718 -0.004 -0.592 0.576 0.564 0.407 -0.390 0.826
12 4.053E-01 1.482 -3.455 4.816 -0.048 0.621 -0.783 -0.134 -0.780 -0.611 -0.990 0.076 0.121
9 4.153E-01 -1.554 -5.368 5.442 -0.178 0.794 -0.581 -0.958 -0.004 0.288 0.227 0.608 0.761
11 3.766E-01 -11.393 10.944 10.628 0.530 0.844 0.082 -0.755 0.425 0.499 0.386 -0.326 0.863
19 3.247E-01 -8.446 -7.360 16.799 0.740 -0.233 0.632 -0.138 -0.971 -0.196 0.659 0.058 -0.750
90 3.841E-01 -4.388 -8.860 7.463 0.305 -0.500 0.810 -0.086 -0.862 -0.500 0.948 0.083 -0.306
4 3.329E-01 -11.277 -8.401 -5.232 0.571 -0.754 0.325 0.387 0.596 0.704 -0.725 -0.276 0.632
129 3.244E-01 0.411 -0.561 0.317 0.605 -0.567 0.559 -0.752 -0.175 0.636 -0.262 -0.805 -0.532
99 5.887E-01 -8.064 -7.369 5.293 0.657 0.752 0.054 -0.698 0.580 0.420 0.285 -0.314 0.906
17 2.341E-01 -9.798 -8.893 4.928 0.236 0.856 -0.459 -0.952 0.299 0.069 0.196 0.421 0.886
93 2.846E-01 -10.074 -7.783 5.205 0.140 0.788 -0.600 -0.990 0.111 -0.085 -0.000 0.606 0.795
 41 1.000E+00 0.000 0.000 0.000 1.000 0.000 -0.000 -0.000 1.000 0.000 0.000 0.000 1.000
51 4.856E-01 0.528 -1.114 1.308 0.966 0.228 0.125 -0.064 -0.257 0.964 0.252 -0.939 -0.233
56 7.009E-01 -0.698 -0.099 -0.508 0.863 -0.492 -0.113 0.492 0.766 0.414 -0.117 -0.413 0.903
71 6.118E-01 -0.459 -0.914 1.382 0.672 0.051 0.739 -0.726 -0.154 0.671 0.148 -0.987 -0.066
54 5.754E-01 0.742 -1.812 0.791 -0.023 -0.198 -0.980 -0.244 -0.949 0.197 -0.969 0.244 -0.027
76 6.192E-01 -0.964 0.482 -0.161 0.917 -0.357 0.178 0.089 0.617 0.782 -0.389 -0.701 0.597
43 6.859E-01 -0.266 0.025 -0.478 0.749 -0.630 -0.207 0.593 0.496 0.634 -0.297 -0.598 0.745
50 5.889E-01 0.487 -2.073 1.017 0.196 -0.572 -0.797 0.326 -0.728 0.603 -0.925 -0.378 0.044
45 6.552E-01 0.303 -1.209 -0.188 0.314 -0.595 -0.740 0.321 -0.667 0.673 -0.893 -0.449 -0.018
46 5.393E-01 1.413 -1.552 0.162 0.985 -0.046 -0.167 0.157 -0.173 0.972 -0.074 -0.984 -0.164
35 6.571E-01 -0.439 -0.681 -1.249 0.560 -0.793 -0.240 0.750 0.363 0.553 -0.351 -0.490 0.798
13 6.380E-01 0.597 -0.056 0.957 0.967 -0.237 -0.094 0.254 0.920 0.298 0.016 -0.312 0.950
69 5.807E-01 0.698 -0.714 1.636 0.982 0.044 0.181 -0.127 0.870 0.477 -0.137 -0.492 0.860
52 6.645E-01 0.330 -1.756 -0.480 0.312 -0.688 -0.655 0.570 -0.416 0.708 -0.760 -0.595 0.262
3 7.716E-01 -0.667 0.395 0.146 0.829 -0.509 0.233 0.170 0.626 0.761 -0.533 -0.591 0.605
109 6.184E-01 1.245 -2.615 1.211 -0.101 -0.426 -0.899 0.168 -0.898 0.407 -0.981 -0.110 0.162
113 7.033E-01 1.738 -1.260 1.856 0.120 0.553 -0.825 -0.703 -0.539 -0.464 -0.700 0.636 0.324
44 5.273E-01 1.698 0.614 0.567 0.375 -0.798 -0.471 0.496 -0.256 0.829 -0.783 -0.545 0.300
49 6.871E-01 -0.386 0.019 0.593 0.829 -0.308 0.467 -0.173 0.653 0.738 -0.532 -0.692 0.488
57 5.384E-01 1.418 -2.885 0.067 0.218 -0.100 0.971 -0.659 -0.749 0.071 0.720 -0.655 -0.229
77 5.654E-01 2.583 -1.894 -0.608 0.810 -0.353 -0.468 0.373 -0.305 0.876 -0.452 -0.885 -0.116
70 4.987E-01 0.110 -2.761 1.048 0.163 -0.374 -0.913 0.018 -0.924 0.382 -0.986 -0.078 -0.144
58 5.145E-01 2.737 -2.324 -1.108 0.975 -0.126 -0.181 0.120 -0.386 0.915 -0.185 -0.914 -0.361
116 6.046E-01 -0.130 -1.307 -0.656 0.804 -0.568 -0.177 0.588 0.716 0.376 -0.087 -0.407 0.909
48 6.603E-01 0.493 -0.189 -0.022 0.407 -0.607 -0.683 0.524 -0.457 0.719 -0.748 -0.651 0.132
83 6.225E-01 0.718 -0.272 1.429 -0.150 -0.336 -0.930 0.179 -0.934 0.309 -0.972 -0.121 0.200
82 6.399E-01 0.298 0.978 0.763 0.997 -0.001 0.083 -0.019 0.970 0.243 -0.081 -0.244 0.966
47 5.164E-01 0.496 -1.717 0.043 0.735 -0.474 -0.485 0.554 0.006 0.833 -0.392 -0.881 0.267
78 5.990E-01 -0.088 -0.839 0.180 0.346 -0.019 0.938 -0.668 -0.707 0.232 0.659 -0.707 -0.257
42 5.625E-01 0.929 0.627 -1.133 0.917 -0.168 -0.362 0.391 0.194 0.900 -0.081 -0.966 0.244
23 6.103E-01 -0.505 -0.162 -0.240 0.159 -0.078 0.984 -0.686 -0.726 0.054 0.710 -0.684 -0.169
55 4.302E-01 -2.932 0.400 -0.129 0.133 -0.511 -0.849 -0.248 -0.847 0.471 -0.960 0.148 -0.239
66 4.912E-01 1.625 -2.921 -0.177 0.308 0.419 -0.854 -0.918 -0.105 -0.383 -0.250 0.902 0.352
130 4.060E-01 3.024 -0.981 -0.415 0.460 0.847 -0.266 -0.881 0.397 -0.257 -0.112 0.352 0.929
79 3.549E-01 5.456 -5.866 -1.074 0.041 -0.612 0.790 -0.982 -0.172 -0.082 0.186 -0.772 -0.607
33 4.935E-01 -0.496 0.196 0.123 0.454 0.838 0.303 -0.890 0.411 0.197 0.041 -0.359 0.932
112 5.217E-01 0.984 0.171 1.454 0.057 -0.326 -0.944 -0.470 -0.843 0.263 -0.881 0.429 -0.201
111 4.408E-01 -0.343 0.118 -1.079 0.650 -0.274 0.708 -0.353 0.716 0.602 -0.672 -0.642 0.369
67 5.244E-01 -2.180 0.554 -1.552 -0.172 -0.457 0.873 -0.907 -0.272 -0.321 0.384 -0.847 -0.367
30 6.036E-01 0.037 0.222 0.872 -0.083 -0.533 -0.842 -0.540 -0.686 0.487 -0.838 0.495 -0.231
28 4.995E-01 1.546 0.376 1.229 0.863 -0.393 -0.319 0.400 0.144 0.905 -0.310 -0.908 0.281
