A0A026W1Q5	A0A026W1Q5 1.000E+00 0.000 0.000 0.000 1.000 -0.000 0.000 0.000 1.000 -0.000 0.000 0.000 1.000
A0A026W1Q5	E2AAW4 4.955E-01 0.890 3.503 -0.115 0.945 0.318 -0.079 -0.318 0.948 0.005 0.076 0.020 0.997
A0A026W1Q5	A0A158NZQ1 4.891E-01 -2.351 6.063 -4.522 0.961 -0.267 -0.065 0.273 0.896 0.350 -0.035 -0.354 0.935
A0A026W1Q5	E2C0A9 4.624E-01 -4.247 3.702 -6.085 0.875 0.385 -0.292 -0.460 0.849 -0.260 0.148 0.362 0.920
A0A026W1Q5	A0A7M6UFA0 4.446E-01 -2.351 1.441 -2.164 0.741 0.577 0.343 -0.631 0.773 0.061 -0.230 -0.262 0.937
A0A026W1Q5	T1IB56 4.388E-01 -4.531 4.450 -2.296 -0.184 0.482 -0.856 -0.869 -0.487 -0.088 -0.460 0.728 0.509
A0A026W1Q5	A0A484B2R6 4.820E-01 -0.314 1.254 0.925 0.283 0.811 -0.511 -0.947 0.154 -0.281 -0.149 0.564 0.812
A0A026W1Q5	A0A6J1MF36 4.046E-01 -2.050 0.519 -0.642 0.017 0.804 -0.594 -0.960 0.179 0.214 0.279 0.567 0.775
A0A026W1Q5	A0A084W5Q6 4.140E-01 1.354 2.981 -4.800 0.924 0.381 0.026 -0.304 0.776 -0.553 -0.230 0.503 0.833
A0A026W1Q5	A0A3B0K3U3 4.550E-01 -2.608 2.289 -1.385 0.025 0.520 -0.854 -0.991 -0.101 -0.091 -0.133 0.848 0.513
A0A026W1Q5	E9HCB2 4.057E-01 -3.287 2.392 -5.860 -0.050 -0.384 -0.922 -0.155 -0.909 0.387 -0.987 0.162 -0.014
A0A026W1Q5	N6TZK4 4.121E-01 -6.350 3.644 -7.749 -0.200 -0.143 -0.969 -0.174 -0.968 0.179 -0.964 0.205 0.169
A0A026W1Q5	A0A1W4URK8 3.953E-01 -0.015 -0.892 -4.483 0.111 0.445 -0.889 -0.592 -0.689 -0.418 -0.798 0.573 0.187
A0A026W1Q5	A0A0L0C8P3 4.090E-01 -0.599 2.608 -5.611 0.255 0.481 -0.839 -0.898 -0.205 -0.390 -0.360 0.852 0.380
A0A026W1Q5	D6W9Q2 4.149E-01 -3.586 -0.654 0.198 0.174 -0.668 -0.724 -0.078 -0.742 0.666 -0.982 -0.059 -0.181
A0A026W1Q5	A0A6P4ENU3 4.337E-01 -2.497 2.943 -1.580 -0.109 0.247 -0.963 -0.809 -0.584 -0.059 -0.577 0.773 0.264
A0A026W1Q5	A0A6P5VDY2 4.380E-01 -2.597 -2.201 -2.519 0.373 -0.060 0.926 -0.440 -0.890 0.120 0.817 -0.453 -0.358
A0A026W1Q5	V4CIY5 4.127E-01 -0.968 2.531 -2.789 0.956 -0.230 -0.181 0.247 0.966 0.078 0.156 -0.120 0.980
A0A026W1Q5	A0A668W665 3.853E-01 -6.419 3.029 -7.999 0.450 0.850 -0.274 -0.812 0.261 -0.521 -0.371 0.457 0.808
A0A026W1Q5	A0A3P9PIM8 4.054E-01 -6.973 0.364 -6.070 0.121 -0.436 -0.892 0.042 -0.895 0.444 -0.992 -0.091 -0.090
A0A026W1Q5	A0A336MRV4 4.024E-01 -8.557 2.579 -7.284 0.106 -0.171 -0.979 0.348 -0.916 0.198 -0.931 -0.362 -0.038
A0A026W1Q5	A0A3P8UMM3 3.844E-01 -8.692 2.315 -9.057 -0.319 0.487 -0.813 -0.399 -0.847 -0.351 -0.860 0.213 0.465
A0A026W1Q5	W5Q2A1 3.824E-01 -5.768 3.064 -9.352 -0.314 -0.099 -0.944 0.217 -0.976 0.030 -0.924 -0.196 0.327
A0A026W1Q5	A0A3P8ZU05 3.903E-01 -6.985 1.058 -6.765 -0.257 0.709 -0.657 -0.658 -0.626 -0.418 -0.708 0.325 0.627
A0A026W1Q5	A0A3Q2GCF1 3.866E-01 -7.451 2.205 -7.815 -0.227 0.704 -0.673 -0.751 -0.566 -0.339 -0.620 0.429 0.657
A0A026W1Q5	A0A2U9CJ53 3.911E-01 -6.944 0.749 -5.880 -0.638 -0.119 -0.761 -0.265 -0.893 0.363 -0.723 0.433 0.538
A0A026W1Q5	A0A087X4E6 3.948E-01 -7.732 0.380 -5.985 -0.177 -0.375 -0.910 -0.082 -0.916 0.393 -0.981 0.144 0.131
A0A026W1Q5	A0A3Q2ZTT6 3.862E-01 -8.060 0.965 -6.189 -0.510 -0.441 -0.739 0.045 -0.871 0.490 -0.859 0.217 0.464
A0A026W1Q5	K1Q9H9 4.012E-01 -7.062 0.448 -6.143 0.384 -0.265 -0.885 0.040 -0.952 0.302 -0.923 -0.151 -0.355
A0A026W1Q5	A0A336KJJ4 4.042E-01 -7.435 1.846 -5.585 0.455 0.494 -0.741 -0.670 -0.358 -0.650 -0.587 0.792 0.168
A0A026W1Q5	A0A452QVE4 3.801E-01 -7.273 2.999 -6.975 -0.161 -0.216 -0.963 0.088 -0.975 0.204 -0.983 -0.052 0.176
A0A026W1Q5	A0A452FSQ0 3.811E-01 -5.725 2.184 -7.919 -0.147 -0.243 -0.959 0.222 -0.953 0.208 -0.964 -0.182 0.194
A0A026W1Q5	H3DJ05 3.843E-01 -7.809 2.399 -7.446 -0.537 -0.390 -0.749 -0.103 -0.850 0.516 -0.838 0.354 0.416
A0A026W1Q5	A0A3Q2W3P0 3.891E-01 -5.612 1.249 -6.191 0.504 0.841 -0.194 -0.784 0.352 -0.512 -0.362 0.410 0.837
A0A026W1Q5	A0A3P8U8L8 3.881E-01 -7.439 2.496 -9.012 -0.208 0.573 -0.793 0.210 -0.765 -0.608 -0.955 -0.293 0.038
A0A026W1Q5	A0A3P8QSP7 3.881E-01 -7.361 2.106 -6.797 0.042 0.865 -0.500 -0.716 -0.323 -0.618 -0.696 0.384 0.606
A0A026W1Q5	A0A665WPW8 3.969E-01 -6.689 2.057 -6.523 0.043 -0.719 -0.694 0.402 -0.623 0.671 -0.915 -0.308 0.262
A0A026W1Q5	A0A3Q4GSW4 3.860E-01 -5.207 3.941 -8.911 -0.140 0.711 -0.689 0.291 -0.635 -0.715 -0.946 -0.300 -0.118
A0A026W1Q5	H2T1P6 3.932E-01 -6.588 4.119 -7.114 0.908 0.216 0.359 -0.265 0.959 0.095 -0.324 -0.181 0.929
A0A026W1Q5	A0A286XIR9 3.841E-01 -5.842 2.849 -6.154 -0.009 0.587 -0.809 -0.586 -0.659 -0.471 -0.810 0.470 0.350
A0A026W1Q5	A0A3Q0T2Z1 3.903E-01 -5.970 2.336 -6.666 -0.011 0.837 -0.548 -0.827 -0.316 -0.466 -0.563 0.447 0.695
A0A026W1Q5	A0A1A8U1R0 3.950E-01 -7.066 1.798 -5.632 -0.282 -0.768 -0.575 0.346 -0.640 0.686 -0.895 -0.006 0.447
A0A026W1Q5	A0A3B5Q007 3.689E-01 -8.180 1.466 -8.548 -0.273 0.474 -0.837 -0.687 -0.706 -0.175 -0.674 0.527 0.518
A0A026W1Q5	A0A669F9S4 3.837E-01 -10.177 3.898 -6.335 0.290 0.452 -0.843 0.775 -0.628 -0.070 -0.561 -0.633 -0.533
A0A026W1Q5	A0A669QJC9 3.609E-01 -8.652 3.699 -8.711 0.686 0.710 -0.156 -0.556 0.374 -0.743 -0.469 0.596 0.651
A0A026W1Q5	A0A3B3BIE0 3.872E-01 -7.040 0.723 -4.966 -0.063 -0.957 -0.283 0.527 -0.273 0.805 -0.847 -0.099 0.522
A0A026W1Q5	A0A671WA74 3.900E-01 -8.553 0.820 -6.279 -0.152 -0.326 -0.933 0.112 -0.944 0.312 -0.982 -0.057 0.180
A0A026W1Q5	A0A4X2KG58 3.746E-01 -8.370 1.369 -7.132 0.670 0.625 0.402 0.681 -0.732 0.004 0.296 0.271 -0.916
A0A026W1Q5	G1P4M4 3.752E-01 -5.255 3.885 -7.122 0.435 0.771 -0.465 -0.747 0.020 -0.665 -0.503 0.636 0.585
A0A026W1Q5	G3SLN8 3.788E-01 -6.614 3.775 -7.361 0.154 -0.455 -0.877 0.062 -0.881 0.468 -0.986 -0.126 -0.107
A0A026W1Q5	A0A3B4T6P8 3.814E-01 -8.323 0.631 -6.383 -0.539 -0.129 -0.832 -0.194 -0.943 0.272 -0.820 0.308 0.483
A0A026W1Q5	A0A384CTX8 3.822E-01 -4.534 3.641 -6.967 0.813 0.571 -0.116 -0.548 0.683 -0.483 -0.197 0.456 0.868
A0A026W1Q5	M3Z0Z9 3.825E-01 -6.666 2.986 -6.668 0.906 0.423 0.027 -0.353 0.788 -0.505 -0.235 0.448 0.863
A0A026W1Q5	A0A4W4ENP5 3.756E-01 -8.293 5.416 -8.949 0.819 -0.469 0.331 0.446 0.883 0.147 -0.361 0.027 0.932
A0A026W1Q5	H0WSS6 3.722E-01 -8.133 2.770 -8.254 0.745 0.662 -0.084 -0.582 0.583 -0.567 -0.326 0.471 0.820
A0A026W1Q5	H3B8Z3 3.820E-01 -5.812 1.005 -7.484 -0.080 0.671 -0.737 -0.286 -0.724 -0.628 -0.955 0.161 0.250
A0A026W1Q5	A0A671ETV1 3.829E-01 -8.090 0.291 -8.644 -0.166 -0.203 -0.965 0.404 -0.907 0.121 -0.900 -0.369 0.232
A0A026W1Q5	G3NZT1 3.794E-01 -6.865 3.508 -7.024 0.301 0.896 -0.326 -0.895 0.147 -0.421 -0.329 0.419 0.846
A0A026W1Q5	A0A3Q1APX1 3.860E-01 -8.063 2.145 -8.976 -0.113 0.616 -0.779 0.435 -0.675 -0.596 -0.893 -0.406 -0.192
A0A026W1Q5	A0A0D9S0Q9 3.801E-01 -7.043 0.742 -7.604 -0.072 -0.662 -0.746 0.415 -0.700 0.581 -0.907 -0.268 0.325
A0A026W1Q5	A0A1L8HUQ2 3.866E-01 -7.524 2.606 -7.037 0.712 -0.689 -0.136 0.595 0.489 0.638 -0.373 -0.535 0.758
A0A026W1Q5	B2GUY1 3.964E-01 -4.796 -1.824 -9.807 0.758 0.444 -0.478 -0.565 0.081 -0.821 -0.326 0.892 0.312
A0A026W1Q5	A0A2D0RL52 3.762E-01 -8.097 2.580 -6.499 0.305 0.939 -0.156 0.932 -0.261 0.250 0.194 -0.222 -0.955
A0A026W1Q5	A0A2K6EX61 3.746E-01 -7.743 1.412 -7.500 0.783 0.564 -0.264 -0.576 0.495 -0.651 -0.236 0.661 0.712
A0A026W1Q5	E0VCI7 3.939E-01 -2.711 3.861 -1.308 0.623 0.344 0.702 0.572 -0.812 -0.111 0.533 0.471 -0.703
A0A026W1Q5	A0A1L8HLY0 3.763E-01 -9.633 3.260 -7.348 0.878 -0.428 0.216 0.466 0.869 -0.170 -0.115 0.249 0.962
A0A026W1Q5	A0A337SPE5 3.800E-01 -7.212 3.839 -7.316 0.938 0.347 0.010 -0.254 0.707 -0.660 -0.236 0.616 0.751
A0A026W1Q5	G3HMK5 3.791E-01 -7.944 3.426 -7.875 0.675 0.716 -0.179 -0.637 0.442 -0.631 -0.373 0.540 0.755
A0A026W1Q5	U3IPH8 3.690E-01 -7.654 2.539 -7.782 0.039 0.830 -0.556 -0.681 -0.385 -0.622 -0.731 0.403 0.550
A0A026W1Q5	A0A4W2DSH0 3.774E-01 -6.392 3.018 -8.210 0.936 0.347 -0.055 -0.300 0.708 -0.639 -0.183 0.614 0.767
A0A026W1Q5	W5MXN7 4.002E-01 -7.260 3.300 -7.704 0.783 -0.622 -0.029 0.488 0.584 0.649 -0.387 -0.522 0.760
A0A026W1Q5	A0A0L8FXB5 4.218E-01 -4.579 -0.344 -4.767 -0.425 0.134 -0.895 -0.042 -0.991 -0.128 -0.904 -0.017 0.426
A0A026W1Q5	T2MJ85 3.879E-01 -9.322 4.532 -9.394 -0.759 -0.599 0.256 -0.580 0.442 -0.685 0.297 -0.668 -0.682
A0A026W1Q5	A0A2K6V7S2 3.909E-01 -8.499 2.044 -7.723 0.659 -0.657 -0.368 0.554 0.092 0.827 -0.509 -0.749 0.424
A0A026W1Q5	A0A2K5HW98 3.765E-01 -7.253 1.557 -8.996 -0.150 -0.244 -0.958 0.305 -0.933 0.190 -0.941 -0.263 0.215
A0A026W1Q5	A0A2K5MLK0 3.833E-01 -7.443 1.388 -6.628 0.197 -0.610 -0.768 0.350 -0.688 0.636 -0.916 -0.394 0.078
A0A026W1Q5	G1RTU0 3.790E-01 -6.467 1.553 -8.024 -0.000 -0.765 -0.644 0.577 -0.526 0.625 -0.817 -0.371 0.441
A0A026W1Q5	A0A673W8I3 3.930E-01 -8.251 1.183 -5.388 -0.051 -0.820 -0.570 0.469 -0.524 0.711 -0.882 -0.231 0.411
A0A026W1Q5	A0A6D2W4N1 3.806E-01 -6.578 0.674 -7.728 -0.185 -0.453 -0.872 0.337 -0.863 0.377 -0.923 -0.224 0.312
A0A026W1Q5	A0A670YQT0 3.817E-01 -4.475 3.026 -7.274 0.664 0.690 -0.289 -0.334 -0.072 -0.940 -0.669 0.720 0.183
A0A026W1Q5	A0A2K5W9E4 3.938E-01 -5.719 2.047 -9.089 -0.019 -0.259 -0.966 0.079 -0.963 0.257 -0.997 -0.072 0.038
A0A026W1Q5	R7V1R1 3.828E-01 -7.427 1.655 -7.060 0.130 -0.302 -0.945 0.545 -0.774 0.322 -0.829 -0.556 0.064
A0A026W1Q5	A0A2K6K3P5 3.773E-01 -7.231 0.811 -8.173 -0.242 -0.166 -0.956 0.095 -0.985 0.147 -0.966 -0.055 0.254
A0A026W1Q5	A0A673Y9Q5 3.879E-01 -8.056 3.181 -5.795 0.257 0.927 -0.275 -0.897 0.123 -0.424 -0.359 0.355 0.863
A0A026W1Q5	K7FLW5 3.678E-01 -9.377 2.070 -7.177 0.119 0.806 -0.580 -0.795 -0.273 -0.541 -0.594 0.526 0.609
A0A026W1Q5	A0A3B4CMZ1 3.746E-01 -8.954 1.361 -8.516 -0.415 0.290 -0.862 0.042 -0.941 -0.337 -0.909 -0.176 0.378
A0A026W1Q5	G1SN07 3.761E-01 -6.235 3.029 -7.467 0.506 0.822 -0.263 -0.796 0.327 -0.509 -0.333 0.467 0.819
A0A026W1Q5	A0A2K5YMT9 3.723E-01 -7.208 1.708 -8.794 -0.291 0.133 -0.947 -0.141 -0.985 -0.095 -0.946 0.106 0.306
A0A026W1Q5	A0A3Q3X8B1 3.799E-01 -5.169 4.506 -6.497 0.325 0.939 -0.115 0.896 -0.267 0.354 0.302 -0.218 -0.928
A0A026W1Q5	A0A3Q2L9B7 3.863E-01 -7.101 2.011 -6.837 0.263 0.548 -0.794 -0.718 -0.438 -0.540 -0.644 0.712 0.279
A0A026W1Q5	A0A6D2Y0G2 3.648E-01 -8.838 1.900 -8.099 -0.369 -0.353 -0.860 0.061 -0.932 0.357 -0.928 0.079 0.365
A0A026W1Q5	A0A2R9AC53 3.844E-01 -7.536 1.560 -8.412 0.133 -0.639 -0.757 0.450 -0.642 0.621 -0.883 -0.423 0.202
A0A026W1Q5	A0A672IKJ4 3.826E-01 -5.299 2.411 -8.694 -0.296 0.562 -0.773 -0.067 -0.819 -0.570 -0.953 -0.117 0.280
A0A026W1Q5	A0A401PDG0 3.775E-01 -8.279 0.958 -7.228 -0.374 -0.315 -0.872 0.199 -0.946 0.256 -0.906 -0.077 0.417
A0A026W1Q5	A0A2K5EC51 3.827E-01 -6.866 0.889 -7.360 -0.114 -0.521 -0.846 0.358 -0.816 0.454 -0.927 -0.251 0.280
A0A026W1Q5	A0A2K6BS58 3.822E-01 -7.182 2.811 -7.579 0.011 -0.396 -0.918 0.234 -0.892 0.388 -0.972 -0.219 0.083
A0A026W1Q5	A0A096MT32 3.786E-01 -7.545 0.758 -7.565 -0.156 -0.344 -0.926 0.274 -0.916 0.294 -0.949 -0.208 0.237
A0A026W1Q5	A0A672N1H1 3.760E-01 -8.011 3.347 -6.193 0.249 0.935 -0.253 0.967 -0.223 0.126 0.062 -0.276 -0.959
A0A026W1Q5	F6YGH3 3.955E-01 -7.894 1.204 -6.710 0.144 -0.476 -0.868 0.426 -0.762 0.488 -0.893 -0.440 0.093
A0A026W1Q5	A0A663MBW3 3.292E-01 -16.948 -10.358 8.363 0.259 0.751 -0.608 -0.965 0.173 -0.197 -0.043 0.637 0.769
A0A026W1Q5	T1JCE3 3.966E-01 -10.684 2.771 -3.756 0.274 0.671 -0.689 -0.946 0.061 -0.317 -0.171 0.739 0.651
A0A026W1Q5	F6XLX0 3.939E-01 -2.910 -0.427 -5.717 0.600 0.692 0.401 0.692 -0.701 0.172 0.400 0.175 -0.900
A0A026W1Q5	A0A4W3K6Z2 3.760E-01 -8.437 0.726 -6.367 -0.030 0.093 -0.995 0.199 -0.975 -0.097 -0.980 -0.200 0.011
A0A026W1Q5	A0A670IK22 3.519E-01 -8.856 3.621 -8.681 0.550 0.682 -0.482 -0.069 -0.538 -0.840 -0.832 0.496 -0.248
A0A026W1Q5	A0A7M7SWA0 3.814E-01 -7.626 2.200 -4.694 -0.148 -0.804 -0.576 0.533 -0.556 0.638 -0.833 -0.212 0.511
A0A026W1Q5	A0A087VY93 4.038E-01 -3.034 -3.507 -3.001 -0.142 0.305 -0.942 -0.643 -0.751 -0.146 -0.752 0.585 0.303
A0A026W1Q5	A0A3Q2YSF5 3.685E-01 -9.586 1.772 -6.013 0.690 0.688 -0.226 -0.646 0.444 -0.621 -0.327 0.575 0.750
A0A026W1Q5	A0A1S3K7W6 4.003E-01 -4.865 -0.133 -3.736 0.058 -0.001 -0.998 -0.151 -0.988 -0.008 -0.987 0.152 -0.058
A0A026W1Q5	A0A401SRM0 3.503E-01 -6.928 -3.250 4.786 0.624 -0.728 -0.284 0.311 -0.101 0.945 -0.716 -0.678 0.164
A0A026W1Q5	A0A1D2NAP3 3.648E-01 7.347 25.406 -3.560 0.439 -0.633 -0.637 0.777 -0.088 0.623 -0.451 -0.769 0.453
A0A026W1Q5	A0A226E5Q0 5.037E-01 -3.027 -2.010 -1.670 0.872 -0.485 -0.064 0.481 0.874 -0.068 0.089 0.029 0.996
A0A026W1Q5	H2Z6T2 3.917E-01 -4.317 -3.219 -4.715 -0.157 -0.023 -0.987 -0.541 -0.834 0.106 -0.826 0.551 0.119
A0A026W1Q5	A0A194QRE4 4.658E-01 -4.969 -1.600 -2.113 -0.097 0.846 -0.524 0.127 -0.511 -0.850 -0.987 -0.149 -0.058
A0A026W1Q5	A0A672UDR6 3.390E-01 -0.952 1.872 0.154 0.764 0.645 0.017 0.626 -0.734 -0.264 -0.158 0.212 -0.964
A0A026W1Q5	A0A2K6RQB6 3.463E-01 0.550 0.800 -1.493 0.914 -0.254 0.315 -0.314 0.046 0.948 -0.256 -0.966 -0.038
A0A026W1Q5	F7GW78 3.246E-01 -8.757 7.165 2.491 0.914 0.181 0.362 0.252 -0.954 -0.160 0.317 0.238 -0.918
A0A026W1Q5	Q7PTZ9 4.236E-01 -9.860 3.223 3.870 0.958 0.277 -0.077 -0.232 0.904 0.358 0.169 -0.325 0.930
A0A026W1Q5	A0A674GLV4 3.210E-01 -2.473 1.427 -2.066 0.941 0.323 0.099 -0.178 0.227 0.957 0.287 -0.919 0.271
A0A026W1Q5	A0A672QN77 3.101E-01 38.413 10.735 9.615 -0.618 0.773 -0.144 -0.141 -0.289 -0.947 -0.774 -0.565 0.288
A0A026W1Q5	F7FQQ3 3.544E-01 4.385 -0.616 -1.541 0.793 -0.602 -0.095 0.596 0.732 0.330 -0.129 -0.319 0.939
A0A026W1Q5	A0A0M4EJG8 4.181E-01 -7.188 -3.224 -3.041 0.258 0.830 -0.495 -0.966 0.217 -0.139 -0.008 0.514 0.858
A0A026W1Q5	A0A673T3L4 3.146E-01 -11.244 -6.769 12.267 0.771 0.597 -0.221 -0.624 0.778 -0.077 0.127 0.197 0.972
A0A026W1Q5	A0A182YPS4 3.849E-01 -21.699 5.949 6.875 0.854 0.519 0.035 -0.503 0.805 0.316 0.136 -0.288 0.948
A0A026W1Q5	G3S106 2.952E-01 30.726 2.913 3.082 -0.650 -0.682 0.336 -0.692 0.348 -0.632 0.314 -0.644 -0.698
A0A026W1Q5	S4RZR2 3.169E-01 -12.357 3.311 -9.660 0.717 0.571 0.401 -0.685 0.470 0.556 0.129 -0.673 0.728
A0A026W1Q5	A0A1W0WLW6 3.653E-01 -10.146 -10.123 8.111 0.847 0.206 0.491 0.092 -0.965 0.247 0.524 -0.164 -0.836
A0A026W1Q5	A0A7I4Y1E4 3.833E-01 -8.079 -6.590 -2.214 0.528 0.023 0.849 0.038 -0.999 0.003 0.849 0.031 -0.528
A0A026W1Q5	A0A090LE65 3.327E-01 -17.017 -8.364 -13.231 0.199 -0.972 0.126 0.715 0.232 0.659 -0.670 -0.042 0.742
A0A026W1Q5	W2SUZ2 3.130E-01 -7.737 2.776 -6.800 0.763 -0.625 0.161 -0.375 -0.225 0.899 -0.526 -0.747 -0.406
A0A026W1Q5	E3M4S5 5.046E-01 -12.298 -7.654 -3.147 0.929 0.368 0.049 -0.368 0.899 0.238 0.043 -0.239 0.970
A0A026W1Q5	A0A1S3IEW1 4.716E-01 -13.532 -10.091 -3.275 0.631 0.728 -0.268 -0.775 0.576 -0.260 -0.035 0.372 0.928
A0A026W1Q5	A0CSI4 4.921E-01 -14.048 -9.004 -2.601 0.531 0.784 -0.321 -0.819 0.377 -0.433 -0.218 0.493 0.842
A0A3Q2YSF5	A0A3Q2YSF5 1.000E+00 0.000 0.000 0.000 1.000 0.000 0.000 0.000 1.000 0.000 0.000 0.000 1.000
A0A3Q2YSF5	A0A671WA74 4.482E-01 1.688 -1.013 -0.621 0.338 0.421 -0.842 -0.629 -0.564 -0.535 -0.700 0.711 0.074
A0A3Q2YSF5	A0A3Q2W3P0 4.539E-01 1.536 0.790 -3.096 0.983 0.002 -0.185 0.058 0.946 0.319 0.175 -0.324 0.930
A0A3Q2YSF5	A0A3Q1APX1 5.767E-01 1.662 0.449 -2.806 -0.084 0.994 -0.064 -0.404 -0.093 -0.910 -0.911 -0.050 0.409
A0A3Q2YSF5	A0A3Q2ZTT6 5.002E-01 1.952 -0.027 -0.725 0.079 0.114 -0.990 -0.866 -0.485 -0.125 -0.494 0.867 0.060
A0A3Q2YSF5	A0A669F9S4 4.538E-01 -1.038 0.594 -1.889 -0.072 0.932 -0.356 0.252 -0.328 -0.910 -0.965 -0.155 -0.211
A0A3Q2YSF5	G3NZT1 5.337E-01 1.072 1.258 -4.029 0.900 0.320 -0.296 -0.286 0.946 0.151 0.328 -0.051 0.943
A0A3Q2YSF5	A0A3Q0T2Z1 5.157E-01 1.131 1.033 -3.533 0.814 0.498 -0.299 -0.542 0.836 -0.082 0.209 0.229 0.951
A0A3Q2YSF5	A0A3B4T6P8 5.007E-01 2.550 -0.151 -0.402 0.136 0.355 -0.925 -0.934 -0.265 -0.238 -0.329 0.897 0.296
A0A3Q2YSF5	A0A3Q3X8B1 4.370E-01 1.299 1.843 -4.567 -0.461 0.888 -0.001 0.724 0.375 -0.579 -0.513 -0.267 -0.816
A0A3Q2YSF5	A0A3P8QSP7 4.715E-01 2.341 0.153 -2.474 0.747 0.637 -0.191 -0.665 0.725 -0.179 0.025 0.261 0.965
A0A3Q2YSF5	A0A3B3BIE0 4.417E-01 0.364 -1.141 -2.709 0.133 -0.248 -0.960 -0.511 -0.847 0.148 -0.849 0.471 -0.239
A0A3Q2YSF5	A0A672IKJ4 4.342E-01 1.446 -0.419 -4.987 0.204 0.968 -0.145 -0.847 0.101 -0.522 -0.491 0.230 0.840
A0A3Q2YSF5	A0A3P8U8L8 5.254E-01 2.037 -0.369 -3.571 0.085 0.984 -0.159 -0.633 -0.070 -0.771 -0.769 0.166 0.617
A0A3Q2YSF5	A0A2U9CJ53 5.073E-01 1.818 -0.008 -1.150 0.110 0.327 -0.938 -0.992 -0.022 -0.124 -0.062 0.945 0.322
A0A3Q2YSF5	H2T1P6 4.827E-01 0.888 0.372 -4.319 0.877 -0.413 -0.245 0.381 0.289 0.878 -0.292 -0.864 0.410
A0A3Q2YSF5	A0A3Q2GCF1 5.122E-01 2.014 0.435 -2.547 0.584 0.624 -0.519 -0.796 0.566 -0.215 0.159 0.539 0.827
A0A3Q2YSF5	A0A3B5Q007 5.671E-01 2.223 -0.340 -2.192 0.411 0.643 -0.647 -0.912 0.289 -0.293 -0.001 0.710 0.704
A0A3Q2YSF5	A0A665WPW8 4.648E-01 2.241 0.616 -1.691 0.176 0.098 -0.980 -0.399 -0.903 -0.162 -0.900 0.419 -0.120
A0A3Q2YSF5	A0A3Q4GSW4 4.339E-01 2.023 -0.311 -5.600 0.027 0.997 0.074 -0.628 0.074 -0.775 -0.778 -0.025 0.628
A0A3Q2YSF5	A0A087X4E6 4.384E-01 -0.082 -0.907 -1.045 0.302 0.445 -0.843 -0.763 -0.418 -0.493 -0.572 0.792 0.214
A0A3Q2YSF5	A0A1A8U1R0 4.859E-01 0.750 -0.714 -2.448 0.096 -0.008 -0.995 -0.692 -0.720 -0.061 -0.716 0.694 -0.075
A0A3Q2YSF5	A0A3P9PIM8 4.220E-01 2.748 0.866 -0.017 0.363 0.323 -0.874 -0.481 -0.739 -0.472 -0.798 0.592 -0.113
A0A3Q2YSF5	A0A668W665 5.254E-01 1.863 1.365 -3.517 0.959 0.235 -0.155 -0.222 0.970 0.100 0.174 -0.061 0.983
A0A3Q2YSF5	H3DJ05 5.387E-01 1.927 0.384 -2.331 0.028 0.099 -0.995 -0.911 -0.407 -0.066 -0.411 0.908 0.079
A0A3Q2YSF5	A0A3P8ZU05 5.032E-01 2.226 -0.100 -1.620 0.596 0.697 -0.397 -0.799 0.561 -0.215 0.073 0.446 0.892
A0A3Q2YSF5	A0A673W8I3 4.144E-01 0.713 -2.132 -2.179 0.381 0.011 -0.925 -0.445 -0.874 -0.194 -0.810 0.485 -0.328
A0A3Q2YSF5	A0A673Y9Q5 4.395E-01 0.336 -0.665 -3.575 0.865 0.282 -0.416 -0.199 0.952 0.231 0.461 -0.117 0.879
A0A3Q2YSF5	A0A3B4CMZ1 5.714E-01 1.697 -1.530 -2.176 0.015 0.833 -0.553 -0.804 -0.319 -0.502 -0.595 0.452 0.665
A0A3Q2YSF5	A0A672N1H1 4.375E-01 0.340 0.659 -1.978 -0.450 0.887 0.104 0.584 0.380 -0.717 -0.676 -0.261 -0.689
A0A3Q2YSF5	A0A3P8UMM3 5.004E-01 2.407 -0.039 -3.132 0.345 0.762 -0.549 -0.886 0.071 -0.458 -0.310 0.644 0.699
A0A3Q2YSF5	A0A2D0RL52 4.634E-01 1.866 0.373 -1.515 -0.434 0.878 0.202 0.672 0.465 -0.577 -0.600 -0.115 -0.792
A0A3Q2YSF5	A0A4W4ENP5 4.402E-01 1.915 0.788 -5.485 0.495 -0.814 -0.305 0.566 0.036 0.824 -0.660 -0.580 0.478
A0A3Q2YSF5	W5MXN7 4.103E-01 0.304 1.200 -2.456 0.318 -0.631 -0.707 0.538 -0.494 0.683 -0.781 -0.598 0.183
A0A3Q2YSF5	H0WSS6 5.901E-01 0.919 0.375 -2.398 0.996 -0.088 0.035 0.080 0.981 0.174 -0.050 -0.170 0.984
A0A3Q2YSF5	A0A337SPE5 5.532E-01 0.914 0.569 -2.853 0.851 -0.510 0.124 0.476 0.850 0.225 -0.221 -0.133 0.966
A0A3Q2YSF5	A0A2K6EX61 4.965E-01 0.763 -0.184 -1.985 0.941 -0.337 -0.033 0.337 0.941 -0.017 0.037 0.004 0.999
A0A3Q2YSF5	A0A669QJC9 5.748E-01 0.557 0.336 -2.036 0.994 0.036 0.101 -0.028 0.996 -0.081 -0.104 0.078 0.992
A0A3Q2YSF5	H3B8Z3 5.484E-01 1.860 -0.227 -2.780 0.571 0.819 -0.054 -0.707 0.457 -0.540 -0.417 0.346 0.840
A0A3Q2YSF5	A0A384CTX8 4.987E-01 0.516 1.642 -4.160 0.933 -0.357 -0.057 0.355 0.877 0.323 -0.065 -0.322 0.945
A0A3Q2YSF5	A0A1L8HLY0 5.330E-01 0.537 -0.189 -2.332 0.335 -0.916 -0.221 0.779 0.137 0.612 -0.530 -0.377 0.759
A0A3Q2YSF5	A0A452QVE4 5.041E-01 0.854 0.546 -2.499 0.249 0.545 -0.801 -0.654 -0.515 -0.554 -0.714 0.662 0.228
A0A3Q2YSF5	A0A2K5HW98 5.231E-01 1.303 -0.019 -2.397 0.090 0.640 -0.763 -0.509 -0.629 -0.588 -0.856 0.441 0.269
A0A3Q2YSF5	A0A6D2W4N1 5.129E-01 1.897 -0.006 -1.921 0.051 0.455 -0.889 -0.577 -0.713 -0.399 -0.815 0.533 0.226
A0A3Q2YSF5	A0A286XIR9 4.866E-01 0.430 0.411 -2.299 0.828 0.512 -0.230 -0.552 0.667 -0.501 -0.103 0.542 0.834
A0A3Q2YSF5	A0A2K6V7S2 4.106E-01 -0.475 -0.729 -1.762 0.172 -0.201 -0.965 0.389 -0.886 0.253 -0.905 -0.418 -0.074
A0A3Q2YSF5	B2GUY1 4.108E-01 5.514 -0.735 -2.431 0.979 -0.093 0.179 0.165 0.880 -0.445 -0.116 0.465 0.878
A0A3Q2YSF5	A0A3Q2L9B7 4.560E-01 0.382 0.528 -2.298 0.963 0.222 -0.155 -0.270 0.733 -0.624 -0.025 0.642 0.766
A0A3Q2YSF5	M3Z0Z9 5.653E-01 0.751 0.173 -2.860 0.887 -0.460 0.041 0.404 0.816 0.414 -0.224 -0.351 0.909
A0A3Q2YSF5	K7FLW5 5.471E-01 1.431 -0.136 -0.459 0.798 0.503 -0.332 -0.595 0.746 -0.299 0.097 0.436 0.895
A0A3Q2YSF5	A0A4W2DSH0 5.923E-01 0.308 0.309 -3.357 0.845 -0.492 0.210 0.459 0.868 0.189 -0.275 -0.063 0.959
A0A3Q2YSF5	A0A096MT32 5.219E-01 1.378 -0.331 -1.643 0.101 0.496 -0.863 -0.561 -0.687 -0.461 -0.821 0.531 0.209
A0A3Q2YSF5	G1SN07 5.163E-01 0.935 0.930 -3.364 0.990 0.111 -0.089 -0.097 0.984 0.153 0.104 -0.142 0.984
A0A3Q2YSF5	A0A4X2KG58 5.808E-01 1.358 -0.191 -0.430 -0.099 0.782 0.615 0.927 0.297 -0.229 -0.362 0.547 -0.755
A0A3Q2YSF5	A0A4W3K6Z2 4.213E-01 1.225 -0.768 -0.829 0.201 0.787 -0.583 -0.547 -0.403 -0.734 -0.813 0.466 0.349
A0A3Q2YSF5	G1P4M4 5.832E-01 0.735 2.221 -4.262 0.971 0.230 -0.066 -0.239 0.953 -0.186 0.020 0.196 0.980
A0A3Q2YSF5	G1RTU0 5.503E-01 1.389 -0.126 -2.088 -0.078 0.080 -0.994 -0.303 -0.952 -0.053 -0.950 0.297 0.099
A0A3Q2YSF5	A0A401PDG0 4.844E-01 0.561 -1.700 -1.899 0.031 0.534 -0.845 -0.791 -0.503 -0.348 -0.611 0.679 0.407
A0A3Q2YSF5	A0A2K5EC51 5.257E-01 1.758 0.133 -1.316 0.081 0.355 -0.932 -0.522 -0.781 -0.343 -0.849 0.514 0.122
A0A3Q2YSF5	A0A2K5YMT9 5.472E-01 1.872 -0.103 -1.978 0.166 0.743 -0.648 -0.812 -0.270 -0.517 -0.560 0.612 0.559
A0A3Q2YSF5	A0A672QN77 3.382E-01 -0.076 7.351 -0.006 0.174 0.985 0.009 0.951 -0.166 -0.262 -0.257 0.054 -0.965
A0A3Q2YSF5	A0A2K6BS58 5.129E-01 0.677 0.450 -2.496 0.349 0.467 -0.813 -0.416 -0.700 -0.581 -0.840 0.541 -0.050
A0A3Q2YSF5	A0A2K6K3P5 5.313E-01 1.789 -0.568 -1.488 0.096 0.587 -0.804 -0.713 -0.523 -0.467 -0.694 0.618 0.368
A0A3Q2YSF5	A0A2K5W9E4 4.443E-01 1.274 1.400 -2.503 0.303 0.611 -0.732 -0.498 -0.553 -0.668 -0.813 0.566 0.137
A0A3Q2YSF5	G3SLN8 4.354E-01 -0.218 0.588 -3.113 0.426 0.415 -0.804 -0.430 -0.689 -0.584 -0.796 0.594 -0.115
A0A3Q2YSF5	U3IPH8 5.341E-01 1.775 -0.159 -2.958 0.752 0.632 -0.185 -0.657 0.698 -0.286 -0.052 0.337 0.940
A0A3Q2YSF5	A0A671ETV1 5.252E-01 1.298 -1.178 -1.420 -0.026 0.684 -0.729 -0.481 -0.648 -0.591 -0.877 0.335 0.346
A0A3Q2YSF5	A0A0D9S0Q9 4.910E-01 1.076 -0.598 -2.000 0.088 0.291 -0.953 -0.484 -0.823 -0.296 -0.871 0.487 0.069
A0A3Q2YSF5	A0A452FSQ0 5.671E-01 0.510 0.995 -3.109 0.164 0.611 -0.775 -0.608 -0.556 -0.567 -0.777 0.564 0.280
A0A3Q2YSF5	A0A2R9AC53 4.817E-01 0.264 -1.229 -3.055 0.227 0.372 -0.900 -0.195 -0.888 -0.416 -0.954 0.270 -0.129
A0A3Q2YSF5	G3HMK5 5.450E-01 1.151 0.719 -3.018 1.000 -0.002 0.018 0.001 0.997 0.076 -0.019 -0.076 0.997
A0A3Q2YSF5	A0A6D2Y0G2 5.618E-01 1.989 -0.360 -1.639 0.059 0.337 -0.940 -0.762 -0.593 -0.260 -0.645 0.731 0.222
A0A3Q2YSF5	A0A2K5MLK0 4.504E-01 0.236 -0.762 -1.327 0.192 0.269 -0.944 -0.340 -0.884 -0.321 -0.921 0.382 -0.079
A0A3Q2YSF5	A0A1L8HUQ2 4.323E-01 -0.797 -1.024 -2.906 0.085 -0.544 -0.835 0.430 -0.735 0.523 -0.899 -0.404 0.172
A0A3Q2YSF5	W5Q2A1 6.109E-01 1.588 1.184 -3.512 -0.037 0.699 -0.714 -0.684 -0.539 -0.492 -0.729 0.470 0.498
A0A3Q2YSF5	A0A670IK22 5.022E-01 0.216 -0.671 -3.438 0.735 0.586 0.341 -0.073 0.568 -0.820 -0.674 0.578 0.460
A0A3Q2YSF5	A0A401SRM0 3.467E-01 1.433 5.827 10.597 0.488 -0.213 -0.847 0.142 -0.938 0.318 -0.861 -0.275 -0.427
A0A3Q2YSF5	F6YGH3 4.726E-01 -0.640 -1.985 -2.614 0.233 0.497 -0.836 -0.297 -0.782 -0.548 -0.926 0.376 -0.035
A0A3Q2YSF5	A0A663MBW3 3.177E-01 -2.459 -2.475 19.996 0.797 0.200 -0.570 -0.300 0.950 -0.086 0.524 0.240 0.817
A0A3Q2YSF5	A0A670YQT0 4.580E-01 -1.088 0.699 -4.090 0.840 -0.052 0.540 0.183 0.964 -0.193 -0.510 0.261 0.819
A0A3Q2YSF5	A0A2K6RQB6 3.563E-01 5.776 9.069 1.058 0.911 0.160 -0.381 0.370 -0.724 0.582 -0.183 -0.671 -0.718
A0A3Q2YSF5	A0A672UDR6 3.265E-01 3.958 9.799 3.325 0.218 0.836 0.504 0.726 0.206 -0.656 -0.652 0.509 -0.562
A0A3Q2YSF5	A0A674GLV4 3.338E-01 3.795 6.922 0.418 0.657 0.402 -0.637 0.750 -0.271 0.603 0.070 -0.874 -0.480
A0A3Q2YSF5	F7GW78 3.590E-01 -5.713 8.218 3.394 0.371 0.670 0.643 0.923 -0.190 -0.334 -0.102 0.718 -0.688
A0A3Q2YSF5	A0A7M7SWA0 4.216E-01 1.029 -0.220 -2.365 -0.118 -0.118 -0.986 -0.543 -0.824 0.163 -0.831 0.555 0.033
A0A3Q2YSF5	K1Q9H9 4.182E-01 1.669 -0.685 -1.432 0.640 0.585 -0.499 -0.239 -0.466 -0.852 -0.731 0.664 -0.158
A0A3Q2YSF5	V4CIY5 3.504E-01 4.281 6.200 -2.593 0.426 -0.758 -0.494 0.814 0.083 0.576 -0.395 -0.647 0.652
A0A3Q2YSF5	A0A0L8FXB5 3.410E-01 3.999 3.442 0.856 0.052 0.755 -0.654 -0.834 -0.327 -0.444 -0.549 0.569 0.612
A0A3Q2YSF5	R7V1R1 4.148E-01 -0.658 -0.711 -2.310 -0.003 0.681 -0.732 -0.287 -0.702 -0.652 -0.958 0.209 0.198
A0A3Q2YSF5	F6XLX0 3.762E-01 5.503 3.602 0.098 -0.172 0.878 0.447 0.945 0.275 -0.177 -0.278 0.392 -0.877
A0A3Q2YSF5	G3S106 2.907E-01 1.334 7.921 -12.929 0.929 -0.030 0.368 -0.196 0.804 0.561 -0.313 -0.594 0.741
A0A3Q2YSF5	E9HCB2 3.475E-01 4.082 3.468 -2.415 0.378 0.267 -0.886 -0.719 -0.518 -0.463 -0.583 0.812 -0.004
A0A3Q2YSF5	A0A1S3K7W6 3.664E-01 3.979 3.405 1.727 0.469 0.574 -0.671 -0.614 -0.335 -0.715 -0.635 0.747 0.195
A0A3Q2YSF5	F7FQQ3 2.944E-01 9.388 11.689 4.496 0.205 -0.766 -0.609 0.807 -0.220 0.548 -0.554 -0.604 0.573
A0A3Q2YSF5	A0A673T3L4 3.018E-01 -1.420 5.074 19.756 0.900 -0.130 -0.415 0.289 0.892 0.348 0.325 -0.434 0.840
A0A3Q2YSF5	H2Z6T2 3.634E-01 6.593 1.945 2.493 0.487 0.355 -0.798 -0.839 -0.063 -0.540 -0.242 0.933 0.268
A0A3Q2YSF5	A0A7M6UFA0 3.470E-01 3.621 6.260 0.037 0.995 -0.028 -0.097 0.098 0.526 0.845 0.027 -0.850 0.527
A0A3Q2YSF5	T2MJ85 3.360E-01 -0.648 -0.528 -4.193 -0.237 -0.483 0.843 -0.612 -0.600 -0.515 0.754 -0.638 -0.154
A0A3Q2YSF5	E2C0A9 3.578E-01 3.176 2.479 -3.398 0.851 -0.394 -0.347 0.500 0.809 0.308 0.159 -0.436 0.886
A0A3Q2YSF5	T1IB56 3.803E-01 -0.827 4.446 -2.317 0.646 0.415 -0.641 -0.682 0.691 -0.239 0.343 0.592 0.729
A0A3Q2YSF5	N6TZK4 3.609E-01 1.927 1.486 -3.281 0.300 0.447 -0.842 -0.786 -0.385 -0.484 -0.541 0.807 0.236
A0A3Q2YSF5	A0A0L0C8P3 3.544E-01 4.807 5.783 -3.275 0.894 0.159 -0.420 -0.366 0.799 -0.477 0.259 0.580 0.772
A0A3Q2YSF5	E2AAW4 3.438E-01 3.184 9.381 -1.904 0.820 -0.443 -0.362 0.567 0.543 0.620 -0.078 -0.713 0.697
A0A3Q2YSF5	A0A026W1Q5 3.443E-01 5.795 9.260 3.443 0.690 -0.646 -0.327 0.688 0.444 0.575 -0.226 -0.621 0.750
A0A3Q2YSF5	A0A158NZQ1 3.482E-01 2.126 6.733 -4.120 0.513 -0.637 -0.576 0.740 -0.012 0.672 -0.435 -0.771 0.465
A0A3Q2YSF5	D6W9Q2 3.622E-01 3.141 6.501 4.175 0.490 0.092 -0.867 -0.491 -0.792 -0.362 -0.720 0.603 -0.343
A0A3Q2YSF5	A0A3B0K3U3 3.642E-01 1.701 6.311 -0.208 0.749 0.089 -0.656 -0.372 0.877 -0.305 0.548 0.472 0.690
A0A3Q2YSF5	A0A087VY93 3.481E-01 6.736 2.790 2.218 0.572 0.533 -0.623 -0.819 0.332 -0.468 -0.043 0.778 0.627
A0A3Q2YSF5	A0A484B2R6 3.452E-01 2.926 9.718 1.947 0.894 0.216 -0.392 -0.223 0.974 0.030 0.389 0.060 0.919
A0A3Q2YSF5	A0A084W5Q6 3.426E-01 6.475 7.954 -3.228 0.897 -0.436 0.076 0.394 0.865 0.311 -0.201 -0.249 0.947
A0A3Q2YSF5	E0VCI7 3.277E-01 1.440 8.535 1.091 -0.121 0.601 0.790 0.992 0.111 0.067 -0.047 0.791 -0.610
A0A3Q2YSF5	A0A6P5VDY2 3.675E-01 5.704 4.689 1.888 0.289 0.713 0.639 0.620 -0.648 0.442 0.729 0.268 -0.629
A0A3Q2YSF5	A0A6J1MF36 3.423E-01 4.121 8.139 3.780 0.537 0.245 -0.808 -0.281 0.954 0.102 0.796 0.172 0.581
A0A3Q2YSF5	A0A6P4ENU3 3.578E-01 2.898 5.854 -1.732 0.635 0.316 -0.705 -0.742 0.502 -0.444 0.213 0.805 0.554
A0A3Q2YSF5	A0A336MRV4 4.244E-01 -0.800 -0.388 -2.712 0.207 0.718 -0.664 -0.345 -0.582 -0.736 -0.915 0.382 0.127
A0A3Q2YSF5	A0A1W4URK8 3.688E-01 7.818 5.286 -1.310 0.709 0.591 -0.385 -0.673 0.404 -0.619 -0.210 0.698 0.684
A0A3Q2YSF5	S4RZR2 4.152E-01 2.448 -2.183 -3.997 0.443 0.667 -0.599 0.204 0.575 0.792 0.873 -0.473 0.119
A0A3Q2YSF5	A0A336KJJ4 3.944E-01 -0.214 0.554 -2.314 0.977 0.206 -0.048 -0.192 0.767 -0.612 -0.089 0.607 0.789
A0A3Q2YSF5	A0A1D2NAP3 3.072E-01 -1.779 11.344 -7.735 0.175 0.775 -0.608 -0.941 -0.050 -0.334 -0.289 0.630 0.720
A0A3Q2YSF5	T1JCE3 3.427E-01 -2.193 -0.160 0.903 0.866 0.180 -0.466 -0.288 0.943 -0.170 0.408 0.281 0.868
A0A3Q2YSF5	A0A226E5Q0 3.738E-01 4.706 5.320 1.584 0.192 -0.954 -0.231 0.815 0.024 0.579 -0.546 -0.299 0.782
A0A3Q2YSF5	A0A194QRE4 4.068E-01 3.186 3.435 2.034 0.173 0.945 0.279 -0.671 0.320 -0.669 -0.721 -0.071 0.689
A0A3Q2YSF5	Q7PTZ9 4.161E-01 -4.193 6.462 6.691 0.773 -0.257 -0.581 0.627 0.449 0.637 0.097 -0.856 0.508
A0A3Q2YSF5	A0A0M4EJG8 4.256E-01 3.857 1.147 4.783 0.810 0.252 -0.529 -0.244 0.966 0.087 0.533 0.058 0.844
A0A3Q2YSF5	A0A182YPS4 3.904E-01 -15.367 0.841 9.797 0.868 -0.069 -0.492 0.446 0.546 0.709 0.220 -0.835 0.505
A0A3Q2YSF5	A0A1W0WLW6 3.226E-01 2.582 2.403 18.140 0.371 0.807 0.460 0.913 -0.408 -0.021 0.170 0.428 -0.888
A0A3Q2YSF5	A0A7I4Y1E4 4.033E-01 5.662 -0.672 8.257 0.116 0.643 0.757 0.822 -0.490 0.291 0.558 0.588 -0.585
A0A3Q2YSF5	A0A090LE65 3.512E-01 3.764 -13.735 2.480 -0.108 -0.811 -0.575 0.075 -0.584 0.809 -0.991 0.044 0.124
A0A3Q2YSF5	W2SUZ2 3.165E-01 0.108 0.559 -1.868 0.930 0.020 -0.366 0.114 -0.965 0.235 -0.349 -0.261 -0.900
A0A3Q2YSF5	E3M4S5 5.015E-01 3.320 -4.350 8.673 0.865 -0.244 -0.439 0.499 0.514 0.698 0.056 -0.823 0.566
A0A3Q2YSF5	A0A1S3IEW1 2.600E-01 3.944 -6.396 9.956 0.953 0.020 -0.301 0.047 0.976 0.213 0.299 -0.217 0.929
A0A3Q2YSF5	A0CSI4 2.848E-01 2.857 -5.786 10.031 0.968 0.147 -0.202 -0.140 0.989 0.046 0.206 -0.016 0.978
A0A1L8HLY0	A0A1L8HLY0 1.000E+00 0.000 0.000 -0.000 1.000 0.000 0.000 -0.000 1.000 -0.000 -0.000 0.000 1.000
A0A1L8HLY0	A0A1L8HUQ2 6.249E-01 0.814 -0.421 -0.685 0.911 -0.407 -0.064 0.199 0.299 0.933 -0.361 -0.863 0.354
A0A1L8HLY0	A0A2K5EC51 6.271E-01 -0.019 -1.003 0.072 0.099 -0.716 -0.692 0.128 -0.680 0.722 -0.987 -0.160 0.025
A0A1L8HLY0	U3IPH8 6.724E-01 0.530 -0.007 -0.653 -0.231 0.538 -0.811 -0.784 -0.597 -0.173 -0.576 0.595 0.560
A0A1L8HLY0	A0A2K5HW98 6.404E-01 0.354 -0.350 -0.228 0.112 -0.514 -0.850 0.184 -0.830 0.526 -0.977 -0.215 0.002
A0A1L8HLY0	K7FLW5 6.321E-01 -1.059 -1.068 1.256 -0.251 0.526 -0.813 -0.829 -0.551 -0.100 -0.500 0.648 0.574
A0A1L8HLY0	G1RTU0 6.398E-01 0.292 -0.312 -0.371 0.275 -0.859 -0.432 0.371 -0.320 0.872 -0.887 -0.400 0.231
A0A1L8HLY0	A0A096MT32 6.640E-01 0.087 -0.409 -0.315 0.065 -0.640 -0.765 0.093 -0.760 0.643 -0.993 -0.113 0.010
A0A1L8HLY0	A0A2K6BS58 5.803E-01 -0.212 0.017 0.129 0.224 -0.597 -0.770 -0.072 -0.798 0.598 -0.972 -0.078 -0.222
A0A1L8HLY0	W5MXN7 4.145E-01 1.256 -0.498 0.159 0.956 -0.246 0.160 0.038 0.645 0.763 -0.291 -0.723 0.626
A0A1L8HLY0	H3B8Z3 6.452E-01 1.134 -0.989 -0.578 -0.119 0.426 -0.897 -0.475 -0.818 -0.325 -0.872 0.387 0.300
A0A1L8HLY0	A0A2K5MLK0 5.597E-01 0.054 -0.665 -0.583 0.440 -0.761 -0.477 -0.048 -0.550 0.834 -0.897 -0.344 -0.278
A0A1L8HLY0	A0A4W2DSH0 5.550E-01 -0.536 1.810 -0.302 0.849 0.481 -0.216 -0.511 0.651 -0.561 -0.129 0.588 0.799
A0A1L8HLY0	A0A6D2W4N1 6.158E-01 0.378 -0.486 -0.023 0.026 -0.686 -0.728 0.208 -0.708 0.675 -0.978 -0.169 0.124
A0A1L8HLY0	A0A669QJC9 5.937E-01 0.302 0.479 0.256 0.364 0.739 -0.566 -0.876 0.066 -0.478 -0.316 0.670 0.672
A0A1L8HLY0	A0A6D2Y0G2 6.220E-01 -0.096 -1.067 0.263 -0.242 -0.731 -0.638 0.104 -0.674 0.732 -0.965 0.111 0.239
A0A1L8HLY0	A0A2R9AC53 5.992E-01 0.742 -0.892 -0.408 0.417 -0.749 -0.515 0.131 -0.512 0.849 -0.900 -0.421 -0.115
A0A1L8HLY0	A0A2K6K3P5 6.401E-01 -0.234 -0.534 -0.473 -0.148 -0.491 -0.859 0.085 -0.871 0.483 -0.985 -0.001 0.171
A0A1L8HLY0	A0A2K5YMT9 5.615E-01 0.010 -0.529 -0.414 -0.268 -0.256 -0.929 -0.048 -0.959 0.278 -0.962 0.119 0.245
A0A1L8HLY0	G1SN07 6.342E-01 1.538 0.802 -0.328 0.192 0.857 -0.478 -0.961 0.064 -0.270 -0.201 0.512 0.835
A0A1L8HLY0	A0A671ETV1 6.589E-01 -0.958 -0.170 -0.244 0.103 -0.453 -0.886 0.280 -0.841 0.463 -0.954 -0.296 0.041
A0A1L8HLY0	A0A452FSQ0 5.784E-01 0.775 0.115 -0.217 0.019 -0.477 -0.879 0.029 -0.878 0.478 -0.999 -0.035 -0.002
A0A1L8HLY0	A0A3Q2L9B7 5.598E-01 0.746 0.172 0.057 0.064 0.265 -0.962 -0.918 -0.362 -0.161 -0.391 0.894 0.220
A0A1L8HLY0	A0A337SPE5 6.510E-01 0.788 0.609 -0.301 0.778 0.558 -0.289 -0.624 0.630 -0.462 -0.076 0.539 0.839
A0A1L8HLY0	H0WSS6 6.113E-01 0.376 0.285 -0.202 0.441 0.818 -0.371 -0.861 0.269 -0.431 -0.253 0.509 0.823
A0A1L8HLY0	A0A2K6EX61 6.018E-01 0.081 0.601 0.016 0.548 0.596 -0.587 -0.834 0.446 -0.325 0.069 0.668 0.741
A0A1L8HLY0	A0A0D9S0Q9 5.769E-01 0.008 -0.724 0.391 0.139 -0.787 -0.601 0.149 -0.584 0.798 -0.979 -0.200 0.036
A0A1L8HLY0	A0A2K5W9E4 4.518E-01 2.767 -2.511 0.005 0.192 -0.610 -0.768 -0.165 -0.792 0.588 -0.967 0.013 -0.253
A0A1L8HLY0	A0A2K6V7S2 4.439E-01 -0.807 -0.921 -1.344 0.941 -0.310 -0.137 0.099 -0.137 0.986 -0.324 -0.941 -0.098
A0A1L8HLY0	G1P4M4 5.964E-01 1.833 1.296 -0.252 0.200 0.733 -0.650 -0.921 -0.086 -0.381 -0.335 0.674 0.658
A0A1L8HLY0	A0A4X2KG58 6.261E-01 -0.744 -1.299 1.461 0.862 0.221 0.457 0.386 -0.869 -0.308 0.330 0.442 -0.834
A0A1L8HLY0	A0A384CTX8 4.952E-01 1.354 1.970 -0.401 0.708 0.680 -0.193 -0.704 0.653 -0.281 -0.065 0.334 0.940
A0A1L8HLY0	G3SLN8 4.380E-01 0.952 0.466 -0.369 0.308 -0.690 -0.655 -0.254 -0.723 0.642 -0.917 -0.031 -0.398
A0A1L8HLY0	A0A452QVE4 6.395E-01 0.571 -0.427 0.387 -0.020 -0.517 -0.856 -0.156 -0.844 0.513 -0.988 0.144 -0.063
A0A1L8HLY0	A0A401PDG0 6.370E-01 -1.122 -0.979 -0.341 -0.235 -0.610 -0.757 0.085 -0.788 0.609 -0.968 0.079 0.237
A0A1L8HLY0	M3Z0Z9 6.447E-01 0.662 0.816 -0.689 0.747 0.636 -0.197 -0.664 0.696 -0.273 -0.036 0.334 0.942
A0A1L8HLY0	A0A286XIR9 6.151E-01 0.915 0.525 -0.048 -0.198 0.283 -0.938 -0.719 -0.692 -0.057 -0.666 0.664 0.341
A0A1L8HLY0	A0A670IK22 6.024E-01 0.942 0.177 -0.519 0.585 0.306 -0.751 -0.511 -0.580 -0.634 -0.630 0.755 -0.183
A0A1L8HLY0	W5Q2A1 5.769E-01 1.478 0.187 -0.115 -0.193 -0.400 -0.896 0.220 -0.908 0.358 -0.956 -0.128 0.263
A0A1L8HLY0	G3HMK5 5.813E-01 0.482 0.084 -0.038 0.407 0.807 -0.428 -0.888 0.239 -0.393 -0.215 0.540 0.814
A0A1L8HLY0	B2GUY1 4.160E-01 1.450 -4.965 -0.972 0.614 0.327 -0.718 -0.789 0.246 -0.563 -0.008 0.913 0.409
A0A1L8HLY0	F6YGH3 5.475E-01 -0.692 -1.165 0.153 0.357 -0.506 -0.785 -0.013 -0.843 0.538 -0.934 -0.182 -0.307
A0A1L8HLY0	A0A670YQT0 5.110E-01 1.927 0.778 -0.397 0.695 0.527 -0.490 -0.626 0.108 -0.772 -0.354 0.843 0.406
A0A1L8HLY0	A0A3B4CMZ1 6.069E-01 -0.269 -0.866 -1.327 -0.295 -0.169 -0.940 0.081 -0.985 0.151 -0.952 -0.031 0.305
A0A1L8HLY0	A0A401SRM0 3.361E-01 -2.286 -3.940 13.259 0.776 -0.608 0.169 -0.163 0.065 0.984 -0.610 -0.791 -0.048
A0A1L8HLY0	A0A3Q2ZTT6 5.937E-01 0.449 -1.114 0.629 -0.377 -0.822 -0.427 0.085 -0.490 0.868 -0.922 0.291 0.254
A0A1L8HLY0	A0A663MBW3 3.205E-01 -15.386 -4.312 14.004 -0.301 0.562 -0.770 -0.932 -0.002 0.363 0.203 0.827 0.525
A0A1L8HLY0	A0A3B4T6P8 6.240E-01 -0.017 -1.044 0.127 -0.490 -0.569 -0.660 -0.144 -0.694 0.705 -0.860 0.441 0.258
A0A1L8HLY0	A0A3Q1APX1 5.085E-01 1.238 0.212 -0.391 0.170 0.280 -0.945 0.387 -0.901 -0.197 -0.906 -0.332 -0.262
A0A1L8HLY0	A0A669F9S4 4.646E-01 0.860 0.458 0.046 0.795 0.190 -0.576 0.247 -0.969 0.022 -0.554 -0.160 -0.817
A0A1L8HLY0	A0A3Q2W3P0 4.996E-01 1.541 -0.204 -0.327 0.268 0.911 -0.315 -0.959 0.220 -0.179 -0.094 0.350 0.932
A0A1L8HLY0	A0A673Y9Q5 5.246E-01 0.880 0.283 -0.589 -0.209 0.884 -0.418 -0.974 -0.224 0.013 -0.082 0.410 0.908
A0A1L8HLY0	A0A3P8QSP7 5.703E-01 1.697 -0.565 -0.024 -0.213 0.574 -0.791 -0.845 -0.515 -0.146 -0.491 0.637 0.595
A0A1L8HLY0	A0A673W8I3 5.298E-01 -0.435 -0.285 -0.309 0.153 -0.964 -0.218 0.049 -0.213 0.976 -0.987 -0.160 0.015
A0A1L8HLY0	A0A665WPW8 4.815E-01 0.353 -0.089 -0.352 0.265 -0.830 -0.490 0.037 -0.499 0.866 -0.964 -0.247 -0.102
A0A1L8HLY0	H3DJ05 6.253E-01 1.187 -1.075 0.064 -0.458 -0.756 -0.468 -0.018 -0.518 0.855 -0.889 0.400 0.224
A0A1L8HLY0	A0A3B3BIE0 5.656E-01 0.451 -0.832 0.116 0.122 -0.993 0.008 0.170 0.029 0.985 -0.978 -0.118 0.172
A0A1L8HLY0	A0A671WA74 5.191E-01 -0.729 -1.456 0.716 0.007 -0.651 -0.759 -0.221 -0.741 0.634 -0.975 0.163 -0.150
A0A1L8HLY0	A0A672UDR6 3.462E-01 6.023 -2.840 8.377 0.958 0.280 -0.066 0.223 -0.867 -0.447 -0.183 0.413 -0.892
A0A1L8HLY0	A0A672IKJ4 4.571E-01 1.884 -1.585 -2.396 -0.271 0.293 -0.917 -0.326 -0.924 -0.199 -0.906 0.245 0.346
A0A1L8HLY0	A0A3P8ZU05 6.151E-01 0.580 -0.779 -0.490 -0.480 0.368 -0.796 -0.639 -0.769 0.031 -0.601 0.524 0.604
A0A1L8HLY0	A0A087X4E6 6.241E-01 0.130 -0.843 0.639 -0.061 -0.682 -0.729 -0.382 -0.659 0.648 -0.922 0.318 -0.221
A0A1L8HLY0	H2T1P6 6.046E-01 2.065 1.058 -1.387 0.703 0.613 0.361 -0.692 0.708 0.145 -0.166 -0.351 0.921
A0A1L8HLY0	G3NZT1 5.872E-01 2.303 0.598 -0.571 -0.107 0.839 -0.533 -0.984 -0.167 -0.066 -0.145 0.517 0.844
A0A1L8HLY0	A0A3B5Q007 5.613E-01 0.893 -1.877 -0.089 -0.507 0.051 -0.861 -0.541 -0.796 0.271 -0.672 0.603 0.431
A0A1L8HLY0	A0A2U9CJ53 6.310E-01 0.863 -0.556 0.363 -0.675 -0.429 -0.600 -0.212 -0.666 0.715 -0.707 0.610 0.359
A0A1L8HLY0	A0A3Q0T2Z1 5.783E-01 1.944 0.265 0.018 -0.261 0.680 -0.686 -0.890 -0.444 -0.101 -0.373 0.584 0.721
A0A1L8HLY0	A0A674GLV4 3.928E-01 5.929 -2.951 2.674 0.860 0.262 0.437 -0.382 -0.236 0.893 0.337 -0.936 -0.103
A0A1L8HLY0	A0A3P9PIM8 5.383E-01 0.594 -2.006 1.465 0.296 -0.728 -0.618 -0.327 -0.686 0.650 -0.897 0.010 -0.442
A0A1L8HLY0	A0A3Q2GCF1 5.917E-01 2.080 -0.530 -0.476 -0.478 0.338 -0.811 -0.711 -0.690 0.131 -0.516 0.640 0.570
A0A1L8HLY0	A0A3Q3X8B1 4.342E-01 2.982 -1.336 -1.402 0.652 0.758 0.023 0.758 -0.651 -0.043 -0.017 0.045 -0.999
A0A1L8HLY0	A0A2D0RL52 5.698E-01 0.432 -0.501 0.529 0.690 0.721 0.067 0.723 -0.690 -0.016 0.035 0.059 -0.998
A0A1L8HLY0	F7GW78 3.999E-01 6.115 4.430 -5.783 0.907 -0.407 0.107 0.025 -0.202 -0.979 0.420 0.891 -0.173
A0A1L8HLY0	A0A4W4ENP5 4.912E-01 3.308 -0.670 -1.694 0.969 0.089 0.231 -0.150 0.953 0.262 -0.197 -0.289 0.937
A0A1L8HLY0	A0A2K6RQB6 3.618E-01 5.832 2.203 -0.741 0.962 -0.121 0.244 -0.138 -0.989 0.052 0.235 -0.083 -0.968
A0A1L8HLY0	A0A1A8U1R0 5.548E-01 -0.367 0.284 -0.431 -0.170 -0.911 -0.375 0.105 -0.395 0.913 -0.980 0.116 0.162
A0A1L8HLY0	A0A3P8U8L8 5.076E-01 1.386 -0.067 -1.285 -0.038 0.225 -0.974 0.080 -0.971 -0.227 -0.996 -0.086 0.019
A0A1L8HLY0	A0A672N1H1 5.241E-01 1.151 -0.935 0.373 0.722 0.686 -0.089 0.683 -0.727 -0.070 -0.113 -0.010 -0.994
A0A1L8HLY0	A0A668W665 5.238E-01 2.483 0.097 -0.186 0.102 0.855 -0.509 -0.974 -0.017 -0.225 -0.201 0.519 0.831
A0A1L8HLY0	A0A3P8UMM3 5.841E-01 0.632 -0.293 -0.785 -0.393 0.023 -0.919 -0.364 -0.922 0.133 -0.845 0.387 0.370
A0A1L8HLY0	A0A4W3K6Z2 4.268E-01 -0.439 -2.090 0.474 0.136 -0.294 -0.946 -0.132 -0.952 0.277 -0.982 0.087 -0.168
A0A1L8HLY0	A0A3Q4GSW4 4.253E-01 2.642 -2.057 -3.105 -0.004 0.416 -0.909 -0.024 -0.909 -0.416 -1.000 0.020 0.014
A0A1L8HLY0	A0A3Q2YSF5 5.021E-01 -1.196 -0.463 1.997 0.333 0.775 -0.538 -0.920 0.141 -0.367 -0.208 0.617 0.759
A0A1L8HLY0	G3S106 3.512E-01 10.773 6.767 -5.429 0.262 0.965 0.030 -0.654 0.200 -0.729 -0.709 0.172 0.684
A0A1L8HLY0	A0A672QN77 3.049E-01 3.162 11.676 -2.623 0.978 -0.203 -0.039 -0.114 -0.372 -0.921 0.173 0.906 -0.387
A0A1L8HLY0	K1Q9H9 4.880E-01 -0.610 -0.345 -0.584 0.445 -0.455 -0.771 -0.377 -0.877 0.299 -0.812 0.157 -0.561
A0A1L8HLY0	A0A7M7SWA0 4.083E-01 0.116 -0.544 -0.216 0.012 -0.961 -0.277 0.252 -0.265 0.931 -0.968 -0.081 0.239
A0A1L8HLY0	V4CIY5 3.026E-01 6.880 -3.105 3.870 0.971 0.199 -0.128 -0.134 0.909 0.394 0.195 -0.366 0.910
A0A1L8HLY0	A0A673T3L4 3.035E-01 8.909 -0.448 1.394 0.255 0.899 0.357 0.634 -0.434 0.640 0.730 0.063 -0.681
A0A1L8HLY0	F7FQQ3 2.850E-01 4.147 14.090 -7.225 0.741 -0.612 0.276 -0.354 -0.705 -0.614 0.571 0.357 -0.739
A0A1L8HLY0	R7V1R1 4.807E-01 -0.081 0.361 -0.627 0.403 -0.366 -0.839 0.187 -0.864 0.467 -0.896 -0.345 -0.280
A0A1L8HLY0	F6XLX0 4.248E-01 -0.458 0.047 -0.174 0.500 0.692 0.520 0.864 -0.436 -0.251 0.053 0.575 -0.816
A0A1L8HLY0	A0A0L8FXB5 3.015E-01 2.261 -4.021 3.733 -0.313 -0.290 -0.904 -0.110 -0.935 0.338 -0.943 0.205 0.261
A0A1L8HLY0	A0A1S3K7W6 3.852E-01 0.721 0.842 1.223 0.132 -0.152 -0.980 -0.662 -0.749 0.027 -0.738 0.645 -0.199
A0A1L8HLY0	H2Z6T2 3.177E-01 1.201 -7.235 3.871 -0.334 -0.413 -0.848 -0.622 -0.579 0.527 -0.709 0.703 -0.063
A0A1L8HLY0	T2MJ85 3.447E-01 0.593 0.540 -2.615 -0.959 -0.282 -0.007 -0.127 0.456 -0.881 0.252 -0.845 -0.473
A0A1L8HLY0	E9HCB2 3.617E-01 4.183 -3.072 1.014 -0.090 -0.732 -0.675 -0.379 -0.602 0.703 -0.921 0.319 -0.224
A0A1L8HLY0	A0A7M6UFA0 3.434E-01 4.861 -2.564 4.651 0.425 0.845 0.325 -0.905 0.389 0.172 0.019 -0.367 0.930
A0A1L8HLY0	T1IB56 3.881E-01 3.315 1.428 2.230 -0.480 0.340 -0.809 -0.859 -0.370 0.354 -0.179 0.865 0.469
A0A1L8HLY0	A0A0L0C8P3 3.292E-01 6.190 -1.975 1.905 -0.046 0.346 -0.937 -0.993 -0.116 0.006 -0.107 0.931 0.349
A0A1L8HLY0	E2C0A9 3.589E-01 3.697 -2.286 -0.251 0.593 0.715 -0.371 -0.715 0.679 0.165 0.370 0.167 0.914
A0A1L8HLY0	A0A484B2R6 3.492E-01 6.419 -2.525 9.014 -0.113 0.761 -0.639 -0.988 -0.016 0.156 0.108 0.649 0.753
