132
A0A084W5Q6 0.00 4.65 4.65 1.06 1.63 3.12 0.08 3.09 2.52 0.54 0.32 4.24 4.21 3.46 0.58 4.21 0.82 2.31 2.82 3.13 0.78 3.15 4.20 3.42 0.89 4.18 2.69 0.62 3.34 0.78 3.46 3.29 3.65 0.56 1.86 4.65 3.16 3.36 4.64 4.28 4.62 1.41 4.40 1.04 3.39 2.36 3.07 3.26 1.32 4.48 3.64 3.25 1.96 0.88 4.29 2.66 0.72 3.26 4.63 0.87 0.99 0.24 4.54 3.89 0.56 0.41 1.91 3.51 0.77 2.81 3.94 3.47 0.33 0.57 4.63 2.06 3.21 4.28 0.89 0.35 4.15 4.64 4.32 3.62 4.65 4.61 0.43 3.30 3.58 2.92 3.60 0.42 2.76 0.78 3.36 1.00 0.26 2.80 4.14 2.69 0.41 0.14 2.11 2.58 3.59 2.95 4.63 1.14 4.66 3.66 0.56 0.27 4.53 3.17 3.45 1.12 4.35 4.63 3.41 3.35 3.95 2.88 3.77 2.57 1.79 4.35 2.03 2.79 3.59 0.71 3.73 2.62
A0A2K6BS58 4.65 0.00 0.04 3.98 4.72 2.96 4.66 2.95 2.25 4.49 4.79 0.42 0.48 3.17 4.09 0.47 5.02 2.50 2.92 1.60 5.12 3.04 0.45 2.99 3.83 0.54 2.43 5.26 3.21 4.10 3.15 3.20 3.10 4.35 5.90 0.02 3.14 3.04 0.01 0.37 0.05 5.38 0.28 3.66 2.96 5.54 1.63 2.96 3.35 0.18 3.21 1.51 5.78 5.11 0.43 3.08 4.25 3.10 0.03 5.11 3.76 4.42 0.37 0.77 4.18 4.72 5.41 3.10 5.12 2.96 0.71 3.28 4.57 4.25 0.06 5.40 1.52 0.40 3.85 4.33 0.50 0.01 0.34 3.23 0.02 0.13 4.22 3.26 3.17 3.19 1.11 4.78 2.93 5.03 3.10 3.65 4.41 1.89 0.56 2.03 4.52 4.76 2.70 2.27 3.09 1.73 0.06 3.60 0.01 3.24 4.71 4.74 0.12 1.49 3.09 3.70 0.30 0.03 3.20 3.35 0.75 1.87 0.90 3.06 2.86 0.30 2.71 3.28 3.12 3.97 0.93 2.17
G1RTU0 4.65 0.04 0.00 3.99 4.73 2.95 4.66 2.94 2.25 4.49 4.79 0.41 0.47 3.15 4.09 0.46 5.01 2.49 2.90 1.60 5.11 3.02 0.45 2.97 3.82 0.53 2.42 5.26 3.19 4.10 3.13 3.19 3.08 4.34 5.90 0.02 3.13 3.02 0.05 0.37 0.08 5.38 0.27 3.66 2.94 5.55 1.62 2.94 3.35 0.17 3.19 1.50 5.79 5.11 0.46 3.07 4.26 3.09 0.06 5.11 3.76 4.42 0.40 0.77 4.18 4.72 5.41 3.08 5.12 2.95 0.71 3.26 4.57 4.25 0.10 5.41 1.52 0.39 3.85 4.33 0.50 0.04 0.33 3.21 0.06 0.17 4.22 3.24 3.15 3.17 1.10 4.77 2.92 5.03 3.08 3.65 4.41 1.89 0.55 2.02 4.52 4.76 2.69 2.26 3.07 1.72 0.10 3.60 0.03 3.22 4.70 4.74 0.12 1.48 3.07 3.70 0.30 0.03 3.19 3.33 0.74 1.86 0.90 3.05 2.86 0.30 2.71 3.27 3.10 3.97 0.93 2.16
A0A1S3K7W6 1.06 3.98 3.99 0.00 0.92 3.67 1.11 3.63 2.47 1.42 1.35 3.59 3.61 4.05 0.82 3.59 1.82 2.42 3.34 2.76 1.81 3.71 3.54 3.98 1.42 3.59 3.03 1.61 3.94 0.30 4.05 3.88 4.23 1.38 1.92 3.99 3.75 3.93 3.97 3.62 3.95 1.40 3.77 0.74 3.94 1.79 2.63 3.81 1.47 3.83 4.24 2.90 1.80 1.89 3.59 3.21 0.37 3.84 3.96 1.88 0.56 1.05 3.82 3.22 0.61 1.39 1.45 4.08 1.81 3.34 3.31 4.08 0.82 0.50 3.96 1.53 2.81 3.65 0.56 1.12 3.50 3.97 3.68 4.22 3.98 3.92 0.92 3.90 4.17 3.51 3.08 1.42 3.28 1.79 3.94 1.11 0.85 2.45 3.55 2.46 0.74 1.08 2.29 2.64 4.16 2.50 3.96 0.61 4.00 4.26 1.51 1.28 3.88 2.57 4.03 0.40 3.70 3.96 4.01 3.97 3.37 2.64 3.18 3.11 1.57 3.70 2.09 3.39 4.17 0.75 3.12 2.56
E3M4S5 1.63 4.72 4.73 0.92 0.00 4.57 1.71 4.53 3.39 2.15 1.94 4.34 4.38 4.94 1.64 4.35 2.43 3.34 4.24 3.67 2.37 4.61 4.29 4.88 2.28 4.37 3.95 1.74 4.83 1.13 4.94 4.77 5.12 2.15 1.29 4.72 4.64 4.83 4.70 4.37 4.68 0.85 4.52 1.64 4.84 0.88 3.53 4.71 2.38 4.58 5.13 3.81 1.12 2.48 4.31 4.11 1.03 4.73 4.69 2.47 1.47 1.77 4.53 3.97 1.40 2.05 0.71 4.98 2.35 4.24 4.07 4.97 1.31 1.24 4.69 0.68 3.72 4.41 1.44 1.88 4.24 4.71 4.43 5.11 4.72 4.65 1.71 4.79 5.06 4.40 3.93 2.05 4.18 2.39 4.83 2.00 1.55 3.36 4.33 3.38 1.23 1.52 3.20 3.56 5.06 3.40 4.69 1.53 4.73 5.15 2.19 1.90 4.62 3.39 4.92 1.32 4.44 4.70 4.90 4.85 4.16 3.55 3.97 4.00 2.49 4.44 3.01 4.28 5.07 1.60 3.90 3.48
A0A3P8ZU05 3.12 2.96 2.95 3.67 4.57 0.00 3.06 0.03 1.41 2.62 2.92 2.60 2.49 0.40 2.95 2.52 2.71 1.35 0.33 1.59 2.82 0.08 2.59 0.31 2.31 2.42 0.78 3.37 0.32 3.44 0.40 0.28 0.56 2.57 4.98 2.95 0.18 0.27 2.96 2.67 2.95 4.51 2.68 2.93 0.27 5.40 1.70 0.14 2.19 2.79 0.59 1.58 5.07 2.77 2.78 0.46 3.55 0.20 2.95 2.77 3.10 2.91 3.01 2.44 3.18 2.81 4.97 0.42 2.84 0.33 2.38 0.47 3.37 3.35 2.97 5.10 1.62 2.57 3.12 2.79 2.57 2.95 2.65 0.58 2.97 2.97 2.91 0.32 0.52 0.28 1.94 2.83 0.39 2.75 0.28 2.57 3.10 1.67 2.41 1.56 3.42 3.27 1.43 1.23 0.50 1.76 2.97 3.06 2.97 0.61 2.69 2.94 2.84 2.02 0.37 3.27 2.71 2.93 0.38 0.41 2.24 1.48 2.16 0.56 2.17 2.70 1.63 0.42 0.51 2.97 2.19 1.36
Q7PTZ9 0.08 4.66 4.66 1.11 1.71 3.06 0.00 3.03 2.51 0.46 0.25 4.24 4.22 3.39 0.60 4.22 0.75 2.30 2.76 3.13 0.71 3.09 4.20 3.36 0.88 4.18 2.66 0.60 3.28 0.83 3.40 3.22 3.59 0.50 1.93 4.66 3.10 3.30 4.65 4.29 4.63 1.48 4.40 1.06 3.32 2.43 3.07 3.20 1.32 4.49 3.58 3.25 2.03 0.81 4.30 2.60 0.79 3.20 4.64 0.80 1.02 0.24 4.55 3.90 0.59 0.34 1.98 3.44 0.70 2.75 3.95 3.41 0.41 0.61 4.64 2.14 3.21 4.28 0.92 0.34 4.16 4.65 4.33 3.56 4.66 4.61 0.44 3.23 3.52 2.86 3.61 0.35 2.70 0.71 3.30 1.01 0.29 2.80 4.14 2.69 0.49 0.21 2.10 2.57 3.52 2.95 4.64 1.17 4.67 3.60 0.48 0.19 4.54 3.17 3.39 1.16 4.36 4.63 3.35 3.28 3.95 2.88 3.78 2.51 1.80 4.36 2.02 2.73 3.53 0.73 3.73 2.61
A0A673W8I3 3.09 2.95 2.94 3.63 4.53 0.03 3.03 0.00 1.38 2.59 2.90 2.59 2.48 0.44 2.92 2.51 2.69 1.32 0.29 1.56 2.80 0.10 2.58 0.35 2.28 2.42 0.75 3.35 0.35 3.41 0.43 0.31 0.60 2.53 4.95 2.95 0.19 0.30 2.95 2.66 2.95 4.48 2.67 2.90 0.30 5.36 1.67 0.18 2.16 2.78 0.62 1.56 5.04 2.75 2.77 0.43 3.51 0.23 2.94 2.76 3.07 2.88 3.00 2.43 3.15 2.78 4.93 0.46 2.82 0.30 2.37 0.50 3.34 3.32 2.96 5.07 1.60 2.57 3.09 2.76 2.56 2.95 2.64 0.61 2.96 2.96 2.88 0.35 0.55 0.28 1.92 2.81 0.36 2.73 0.32 2.53 3.07 1.64 2.40 1.53 3.39 3.23 1.40 1.20 0.53 1.73 2.96 3.03 2.96 0.65 2.66 2.91 2.84 1.99 0.40 3.24 2.70 2.92 0.41 0.44 2.23 1.46 2.15 0.53 2.14 2.69 1.60 0.41 0.55 2.93 2.17 1.33
A0A1L8HLY0 2.52 2.25 2.25 2.47 3.39 1.41 2.51 1.38 0.00 2.29 2.60 1.84 1.78 1.81 2.02 1.79 2.78 0.25 1.11 0.65 2.89 1.47 1.81 1.70 1.64 1.73 0.64 3.09 1.73 2.32 1.81 1.68 1.95 2.15 4.04 2.25 1.54 1.67 2.25 1.90 2.23 3.53 1.98 1.78 1.65 4.26 0.63 1.54 1.20 2.08 1.99 0.76 4.06 2.88 1.95 1.08 2.45 1.61 2.24 2.88 1.95 2.27 2.21 1.56 2.17 2.52 3.88 1.82 2.90 1.12 1.56 1.88 2.52 2.31 2.25 3.99 0.73 1.86 1.99 2.17 1.78 2.24 1.92 1.99 2.26 2.23 2.12 1.71 1.92 1.36 1.15 2.58 1.06 2.80 1.69 1.56 2.32 0.39 1.70 0.24 2.50 2.64 0.45 0.19 1.89 0.56 2.25 1.87 2.26 2.02 2.49 2.56 2.13 0.85 1.77 2.07 1.96 2.23 1.79 1.80 1.51 0.39 1.35 0.99 0.91 1.95 0.49 1.31 1.91 1.94 1.34 0.10
A0A7M6UFA0 0.54 4.49 4.49 1.42 2.15 2.62 0.46 2.59 2.29 0.00 0.32 4.08 4.04 2.94 0.63 4.04 0.57 2.06 2.33 2.93 0.65 2.64 4.04 2.91 0.67 4.00 2.37 0.82 2.83 1.12 2.95 2.77 3.13 0.15 2.38 4.49 2.65 2.85 4.48 4.13 4.47 1.94 4.23 1.04 2.88 2.89 2.88 2.76 1.14 4.32 3.12 3.05 2.49 0.67 4.15 2.16 1.17 2.75 4.47 0.67 1.04 0.38 4.40 3.75 0.81 0.23 2.44 2.99 0.65 2.31 3.79 2.95 0.85 0.95 4.48 2.60 3.01 4.11 0.97 0.30 4.00 4.48 4.16 3.10 4.50 4.46 0.50 2.78 3.06 2.41 3.42 0.29 2.27 0.57 2.85 0.90 0.60 2.61 3.96 2.49 0.92 0.67 1.86 2.33 3.07 2.77 4.48 1.17 4.50 3.14 0.22 0.32 4.37 3.01 2.94 1.22 4.19 4.47 2.90 2.83 3.77 2.67 3.60 2.07 1.64 4.19 1.81 2.28 3.08 0.75 3.56 2.39
A0A158NZQ1 0.32 4.79 4.79 1.35 1.94 2.92 0.25 2.90 2.60 0.32 0.00 4.37 4.34 3.24 0.79 4.34 0.50 2.38 2.64 3.23 0.47 2.95 4.33 3.22 0.97 4.30 2.69 0.50 3.12 1.06 3.25 3.07 3.43 0.45 2.10 4.79 2.95 3.16 4.78 4.42 4.76 1.67 4.53 1.24 3.18 2.65 3.18 3.06 1.44 4.62 3.42 3.35 2.22 0.56 4.43 2.47 1.04 3.05 4.77 0.55 1.21 0.41 4.69 4.04 0.81 0.12 2.19 3.29 0.46 2.62 4.08 3.24 0.65 0.85 4.77 2.35 3.31 4.41 1.12 0.47 4.29 4.78 4.46 3.40 4.79 4.75 0.62 3.07 3.36 2.71 3.72 0.11 2.58 0.46 3.15 1.16 0.51 2.91 4.26 2.79 0.74 0.43 2.17 2.65 3.37 3.07 4.77 1.36 4.80 3.44 0.26 0.06 4.67 3.30 3.24 1.36 4.49 4.76 3.19 3.12 4.07 2.98 3.90 2.39 1.93 4.48 2.11 2.58 3.38 0.92 3.86 2.70
A0A671ETV1 4.24 0.42 0.41 3.59 4.34 2.60 4.24 2.59 1.84 4.08 4.37 0.00 0.20 2.83 3.67 0.14 4.60 2.09 2.54 1.19 4.70 2.68 0.05 2.65 3.41 0.27 2.04 4.85 2.86 3.70 2.81 2.85 2.78 3.93 5.50 0.41 2.78 2.70 0.41 0.07 0.39 4.98 0.20 3.25 2.62 5.17 1.21 2.61 2.94 0.25 2.89 1.10 5.39 4.70 0.28 2.69 3.85 2.75 0.40 4.70 3.35 4.00 0.41 0.38 3.76 4.30 5.02 2.77 4.71 2.58 0.29 2.94 4.16 3.84 0.40 5.02 1.11 0.15 3.44 3.91 0.11 0.41 0.10 2.90 0.42 0.39 3.81 2.91 2.85 2.82 0.70 4.36 2.55 4.62 2.75 3.23 4.00 1.48 0.24 1.62 4.11 4.34 2.29 1.86 2.77 1.31 0.40 3.19 0.43 2.91 4.29 4.32 0.30 1.07 2.75 3.30 0.12 0.39 2.86 3.00 0.36 1.46 0.49 2.67 2.45 0.11 2.29 2.90 2.79 3.56 0.51 1.76
A0A452QVE4 4.21 0.48 0.47 3.61 4.38 2.49 4.22 2.48 1.78 4.04 4.34 0.20 0.00 2.70 3.65 0.06 4.55 2.03 2.44 1.13 4.66 2.57 0.24 2.53 3.37 0.08 1.95 4.82 2.74 3.70 2.69 2.74 2.65 3.89 5.51 0.47 2.67 2.58 0.47 0.26 0.47 4.98 0.20 3.24 2.50 5.21 1.16 2.49 2.90 0.30 2.76 1.03 5.41 4.65 0.48 2.60 3.85 2.63 0.47 4.65 3.34 3.98 0.57 0.51 3.75 4.27 5.05 2.64 4.66 2.48 0.33 2.82 4.14 3.83 0.48 5.05 1.05 0.08 3.43 3.89 0.29 0.47 0.16 2.77 0.49 0.48 3.79 2.79 2.72 2.71 0.63 4.32 2.45 4.57 2.63 3.21 3.98 1.43 0.08 1.56 4.10 4.32 2.23 1.79 2.64 1.27 0.48 3.19 0.49 2.78 4.25 4.29 0.36 1.05 2.63 3.31 0.23 0.45 2.74 2.88 0.27 1.39 0.44 2.58 2.42 0.21 2.25 2.80 2.66 3.54 0.49 1.70
A0A2U9CJ53 3.46 3.17 3.15 4.05 4.94 0.40 3.39 0.44 1.81 2.94 3.24 2.83 2.70 0.00 3.31 2.73 2.95 1.75 0.72 1.95 3.06 0.35 2.82 0.18 2.67 2.64 1.18 3.67 0.12 3.81 0.02 0.17 0.19 2.90 5.32 3.16 0.30 0.15 3.16 2.90 3.16 4.86 2.89 3.31 0.21 5.76 2.08 0.28 2.58 3.00 0.19 1.90 5.42 2.97 3.02 0.84 3.92 0.21 3.16 2.98 3.48 3.26 3.24 2.71 3.55 3.12 5.33 0.09 3.08 0.72 2.63 0.12 3.72 3.71 3.18 5.47 1.97 2.79 3.50 3.13 2.81 3.16 2.87 0.18 3.18 3.19 3.27 0.17 0.12 0.54 2.19 3.14 0.79 2.99 0.12 2.94 3.46 2.06 2.63 1.95 3.78 3.60 1.83 1.63 0.14 2.15 3.18 3.45 3.17 0.21 2.99 3.26 3.05 2.40 0.08 3.66 2.92 3.13 0.06 0.22 2.47 1.87 2.41 0.94 2.57 2.91 2.03 0.67 0.14 3.34 2.46 1.76
A0A226E5Q0 0.58 4.09 4.09 0.82 1.64 2.95 0.60 2.92 2.02 0.63 0.79 3.67 3.65 3.31 0.00 3.65 1.17 1.86 2.63 2.59 1.22 2.99 3.63 3.26 0.64 3.62 2.40 1.20 3.20 0.53 3.32 3.14 3.50 0.57 2.08 4.09 3.01 3.20 4.07 3.72 4.06 1.58 3.84 0.46 3.22 2.45 2.52 3.09 0.83 3.92 3.50 2.72 2.14 1.26 3.72 2.49 0.62 3.11 4.06 1.26 0.43 0.38 3.97 3.33 0.24 0.76 2.02 3.35 1.22 2.62 3.38 3.34 0.50 0.40 4.07 2.16 2.67 3.72 0.35 0.34 3.59 4.08 3.76 3.48 4.09 4.04 0.16 3.16 3.43 2.77 3.06 0.81 2.57 1.16 3.21 0.46 0.33 2.26 3.58 2.16 0.50 0.67 1.68 2.11 3.43 2.40 4.07 0.58 4.10 3.52 0.81 0.73 3.97 2.61 3.30 0.59 3.79 4.06 3.27 3.22 3.39 2.35 3.21 2.38 1.24 3.79 1.54 2.65 3.44 0.14 3.17 2.12
G1P4M4 4.21 0.47 0.46 3.59 4.35 2.52 4.22 2.51 1.79 4.04 4.34 0.14 0.06 2.73 3.65 0.00 4.56 2.04 2.46 1.14 4.66 2.59 0.18 2.56 3.37 0.14 1.97 4.82 2.77 3.69 2.72 2.76 2.68 3.89 5.50 0.46 2.70 2.61 0.46 0.20 0.45 4.97 0.19 3.23 2.53 5.19 1.16 2.52 2.90 0.29 2.79 1.04 5.39 4.65 0.42 2.62 3.84 2.66 0.45 4.65 3.34 3.97 0.51 0.46 3.75 4.27 5.03 2.67 4.67 2.50 0.29 2.85 4.14 3.83 0.46 5.03 1.06 0.07 3.42 3.88 0.23 0.46 0.13 2.81 0.47 0.46 3.78 2.82 2.75 2.73 0.64 4.33 2.47 4.58 2.66 3.21 3.97 1.43 0.11 1.57 4.09 4.32 2.24 1.80 2.67 1.27 0.46 3.18 0.47 2.82 4.25 4.29 0.34 1.04 2.66 3.29 0.19 0.44 2.77 2.91 0.29 1.40 0.44 2.60 2.42 0.18 2.25 2.82 2.69 3.54 0.48 1.71
A0A484B2R6 0.82 5.02 5.01 1.82 2.43 2.71 0.75 2.69 2.78 0.57 0.50 4.60 4.55 2.95 1.17 4.56 0.00 2.54 2.53 3.43 0.11 2.70 4.56 2.96 1.21 4.51 2.78 0.79 2.83 1.52 2.95 2.78 3.14 0.71 2.52 5.01 2.68 2.89 5.00 4.65 4.99 2.12 4.75 1.60 2.93 3.11 3.39 2.82 1.69 4.84 3.11 3.54 2.65 0.10 4.68 2.33 1.53 2.78 5.00 0.10 1.59 0.81 4.94 4.28 1.23 0.43 2.65 3.00 0.13 2.50 4.31 2.93 1.15 1.33 5.00 2.81 3.51 4.62 1.51 0.82 4.53 5.00 4.68 3.09 5.02 4.98 1.00 2.77 3.06 2.46 3.93 0.40 2.48 0.05 2.87 1.46 0.97 3.12 4.48 2.99 1.23 0.92 2.34 2.80 3.08 3.29 5.00 1.73 5.02 3.12 0.36 0.55 4.89 3.54 2.96 1.76 4.72 4.99 2.90 2.80 4.28 3.17 4.12 2.29 2.19 4.71 2.31 2.32 3.08 1.30 4.09 2.87
A0A401PDG0 2.31 2.50 2.49 2.42 3.34 1.35 2.30 1.32 0.25 2.06 2.38 2.09 2.03 1.75 1.86 2.04 2.54 0.00 1.04 0.90 2.65 1.41 2.06 1.65 1.42 1.98 0.62 2.87 1.66 2.25 1.75 1.61 1.91 1.93 3.93 2.50 1.47 1.62 2.49 2.15 2.48 3.42 2.22 1.71 1.61 4.20 0.88 1.48 1.03 2.32 1.94 1.00 3.97 2.64 2.20 0.97 2.37 1.55 2.48 2.64 1.88 2.07 2.46 1.80 2.06 2.30 3.81 1.77 2.66 1.04 1.81 1.81 2.34 2.21 2.49 3.93 0.98 2.10 1.92 1.96 2.03 2.49 2.16 1.93 2.51 2.48 1.92 1.64 1.87 1.27 1.40 2.35 0.98 2.57 1.64 1.41 2.13 0.63 1.95 0.48 2.35 2.44 0.21 0.27 1.85 0.80 2.49 1.82 2.51 1.97 2.26 2.34 2.38 1.09 1.72 2.02 2.21 2.47 1.73 1.73 1.75 0.63 1.60 0.87 0.86 2.20 0.33 1.20 1.86 1.83 1.58 0.33
A0A672N1H1 2.82 2.92 2.90 3.34 4.24 0.33 2.76 0.29 1.11 2.33 2.64 2.54 2.44 0.72 2.63 2.46 2.53 1.04 0.00 1.42 2.65 0.38 2.52 0.64 2.00 2.37 0.53 3.10 0.63 3.12 0.72 0.58 0.89 2.27 4.67 2.91 0.44 0.59 2.91 2.60 2.91 4.20 2.63 2.61 0.59 5.08 1.48 0.47 1.87 2.74 0.91 1.47 4.76 2.60 2.70 0.20 3.23 0.51 2.90 2.61 2.78 2.61 2.94 2.34 2.87 2.53 4.65 0.75 2.66 0.04 2.30 0.78 3.06 3.03 2.92 4.79 1.48 2.52 2.80 2.48 2.50 2.91 2.59 0.90 2.92 2.92 2.60 0.61 0.84 0.28 1.85 2.56 0.07 2.57 0.61 2.24 2.79 1.39 2.36 1.27 3.11 2.97 1.11 0.93 0.83 1.50 2.92 2.74 2.92 0.94 2.42 2.65 2.80 1.77 0.69 2.95 2.65 2.89 0.69 0.69 2.18 1.23 2.07 0.26 1.85 2.64 1.31 0.36 0.84 2.65 2.09 1.07
U3IPH8 3.13 1.60 1.60 2.76 3.67 1.59 3.13 1.56 0.65 2.93 3.23 1.19 1.13 1.95 2.59 1.14 3.43 0.90 1.42 0.00 3.53 1.66 1.16 1.82 2.27 1.08 0.90 3.72 1.90 2.72 1.95 1.86 2.05 2.78 4.53 1.60 1.75 1.81 1.59 1.25 1.58 4.00 1.33 2.22 1.77 4.54 0.15 1.68 1.81 1.43 2.11 0.14 4.46 3.53 1.32 1.54 2.86 1.78 1.58 3.53 2.35 2.89 1.57 0.93 2.71 3.16 4.21 1.94 3.54 1.46 0.92 2.04 3.09 2.81 1.60 4.29 0.08 1.20 2.42 2.79 1.13 1.59 1.27 2.11 1.61 1.58 2.71 1.91 2.04 1.71 0.50 3.22 1.42 3.45 1.84 2.14 2.91 0.33 1.05 0.44 3.06 3.24 1.10 0.67 2.00 0.28 1.59 2.22 1.61 2.14 3.14 3.19 1.48 0.46 1.90 2.38 1.31 1.57 1.95 2.00 0.85 0.27 0.70 1.51 1.35 1.30 1.12 1.76 2.02 2.49 0.70 0.57
A0A1W4URK8 0.78 5.12 5.11 1.81 2.37 2.82 0.71 2.80 2.89 0.65 0.47 4.70 4.66 3.06 1.22 4.66 0.11 2.65 2.65 3.53 0.00 2.81 4.66 3.07 1.30 4.61 2.89 0.70 2.94 1.52 3.06 2.89 3.25 0.79 2.42 5.11 2.79 3.00 5.11 4.75 5.09 2.04 4.85 1.67 3.04 3.03 3.50 2.93 1.78 4.94 3.22 3.65 2.56 0.11 4.78 2.45 1.50 2.89 5.10 0.10 1.65 0.85 5.03 4.38 1.27 0.47 2.57 3.12 0.02 2.61 4.41 3.04 1.11 1.32 5.10 2.73 3.62 4.73 1.57 0.89 4.63 5.11 4.78 3.20 5.12 5.08 1.06 2.88 3.17 2.57 4.03 0.42 2.60 0.08 2.98 1.54 0.98 3.22 4.58 3.10 1.19 0.86 2.44 2.91 3.19 3.39 5.10 1.80 5.13 3.23 0.43 0.53 4.99 3.64 3.07 1.81 4.82 5.09 3.01 2.91 4.38 3.27 4.22 2.40 2.28 4.81 2.41 2.43 3.19 1.36 4.19 2.98
A0A673Y9Q5 3.15 3.04 3.02 3.71 4.61 0.08 3.09 0.10 1.47 2.64 2.95 2.68 2.57 0.35 2.99 2.59 2.70 1.41 0.38 1.66 2.81 0.00 2.66 0.27 2.35 2.50 0.85 3.39 0.25 3.48 0.34 0.21 0.52 2.59 5.01 3.03 0.11 0.22 3.03 2.74 3.03 4.54 2.75 2.97 0.24 5.43 1.77 0.12 2.24 2.87 0.53 1.66 5.10 2.75 2.85 0.50 3.59 0.14 3.02 2.75 3.15 2.94 3.08 2.52 3.22 2.83 5.00 0.37 2.83 0.38 2.46 0.40 3.40 3.39 3.04 5.14 1.69 2.65 3.16 2.82 2.65 3.03 2.73 0.52 3.05 3.05 2.95 0.25 0.46 0.25 2.01 2.85 0.44 2.74 0.23 2.61 3.14 1.73 2.49 1.62 3.46 3.29 1.49 1.29 0.45 1.83 3.04 3.11 3.04 0.56 2.70 2.96 2.92 2.09 0.32 3.32 2.78 3.00 0.32 0.34 2.32 1.55 2.24 0.61 2.22 2.77 1.69 0.39 0.46 3.01 2.26 1.43
H0WSS6 4.20 0.45 0.45 3.54 4.29 2.59 4.20 2.58 1.81 4.04 4.33 0.05 0.24 2.82 3.63 0.18 4.56 2.06 2.52 1.16 4.66 2.66 0.00 2.64 3.37 0.31 2.02 4.81 2.85 3.65 2.80 2.84 2.78 3.89 5.46 0.45 2.77 2.69 0.44 0.09 0.43 4.93 0.25 3.21 2.61 5.12 1.18 2.60 2.90 0.29 2.88 1.08 5.34 4.66 0.24 2.67 3.80 2.74 0.43 4.66 3.31 3.96 0.42 0.33 3.72 4.26 4.97 2.76 4.67 2.56 0.25 2.93 4.12 3.80 0.44 4.97 1.09 0.20 3.40 3.88 0.06 0.44 0.15 2.90 0.46 0.42 3.77 2.89 2.84 2.80 0.68 4.32 2.53 4.58 2.74 3.19 3.96 1.45 0.28 1.58 4.07 4.30 2.25 1.83 2.76 1.28 0.44 3.15 0.46 2.91 4.25 4.29 0.34 1.03 2.74 3.25 0.16 0.43 2.85 2.99 0.35 1.43 0.46 2.65 2.41 0.15 2.26 2.88 2.79 3.51 0.48 1.73
A0A3Q3X8B1 3.42 2.99 2.97 3.98 4.88 0.31 3.36 0.35 1.70 2.91 3.22 2.65 2.53 0.18 3.26 2.56 2.96 1.65 0.64 1.82 3.07 0.27 2.64 0.00 2.62 2.46 1.06 3.66 0.24 3.75 0.16 0.26 0.25 2.86 5.28 2.98 0.28 0.08 2.98 2.72 2.98 4.81 2.71 3.24 0.05 5.71 1.94 0.17 2.51 2.82 0.30 1.76 5.37 2.99 2.84 0.77 3.86 0.19 2.98 3.00 3.42 3.21 3.06 2.55 3.49 3.10 5.28 0.13 3.09 0.64 2.46 0.30 3.68 3.66 3.00 5.42 1.83 2.61 3.43 3.09 2.64 2.98 2.69 0.29 3.00 3.01 3.22 0.31 0.23 0.50 2.03 3.12 0.70 3.00 0.13 2.88 3.41 1.94 2.45 1.84 3.73 3.57 1.74 1.51 0.19 2.02 3.00 3.38 2.99 0.32 2.97 3.24 2.87 2.27 0.10 3.59 2.75 2.96 0.22 0.38 2.30 1.74 2.24 0.88 2.48 2.74 1.94 0.64 0.21 3.28 2.29 1.64
V4CIY5 0.89 3.83 3.82 1.42 2.28 2.31 0.88 2.28 1.64 0.67 0.97 3.41 3.37 2.67 0.64 3.37 1.21 1.42 2.00 2.27 1.30 2.35 3.37 2.62 0.00 3.33 1.81 1.45 2.56 1.16 2.68 2.50 2.86 0.52 2.68 3.83 2.37 2.57 3.82 3.46 3.80 2.20 3.56 0.72 2.58 3.09 2.22 2.45 0.48 3.66 2.86 2.39 2.76 1.31 3.48 1.85 1.25 2.47 3.81 1.31 0.87 0.65 3.74 3.08 0.88 0.89 2.66 2.71 1.31 1.99 3.12 2.70 1.07 1.04 3.81 2.80 2.35 3.44 0.87 0.54 3.33 3.82 3.49 2.84 3.83 3.79 0.60 2.52 2.79 2.13 2.75 0.95 1.93 1.22 2.57 0.35 0.80 1.95 3.30 1.83 1.11 1.02 1.22 1.69 2.79 2.11 3.81 0.88 3.84 2.88 0.88 0.92 3.70 2.34 2.66 1.07 3.53 3.80 2.63 2.58 3.10 2.01 2.93 1.75 0.98 3.52 1.15 2.01 2.80 0.68 2.90 1.74
G3SLN8 4.18 0.54 0.53 3.59 4.37 2.42 4.18 2.42 1.73 4.00 4.30 0.27 0.08 2.64 3.62 0.14 4.51 1.98 2.37 1.08 4.61 2.50 0.31 2.46 3.33 0.00 1.89 4.78 2.67 3.67 2.62 2.67 2.58 3.85 5.49 0.53 2.60 2.51 0.54 0.33 0.53 4.96 0.26 3.21 2.43 5.21 1.12 2.42 2.86 0.37 2.69 0.97 5.39 4.60 0.55 2.54 3.82 2.57 0.53 4.60 3.32 3.94 0.64 0.57 3.72 4.22 5.03 2.57 4.62 2.42 0.38 2.75 4.11 3.81 0.55 5.04 1.00 0.15 3.40 3.85 0.36 0.53 0.24 2.70 0.55 0.55 3.75 2.72 2.65 2.65 0.58 4.28 2.39 4.53 2.56 3.17 3.94 1.39 0.05 1.52 4.07 4.28 2.18 1.74 2.57 1.23 0.54 3.17 0.55 2.71 4.21 4.25 0.42 1.02 2.56 3.28 0.30 0.51 2.67 2.81 0.23 1.34 0.41 2.52 2.38 0.29 2.20 2.74 2.59 3.51 0.47 1.65
W5MXN7 2.69 2.43 2.42 3.03 3.95 0.78 2.66 0.75 0.64 2.37 2.69 2.04 1.95 1.18 2.40 1.97 2.78 0.62 0.53 0.90 2.89 0.85 2.02 1.06 1.81 1.89 0.00 3.19 1.10 2.84 1.17 1.06 1.31 2.24 4.48 2.42 0.92 1.04 2.42 2.10 2.42 3.98 2.14 2.30 1.02 4.80 0.95 0.90 1.59 2.25 1.36 0.95 4.54 2.87 2.19 0.65 2.96 0.98 2.41 2.87 2.48 2.46 2.43 1.82 2.62 2.60 4.39 1.19 2.90 0.56 1.79 1.25 2.86 2.78 2.43 4.52 0.96 2.03 2.51 2.34 1.99 2.42 2.10 1.35 2.44 2.42 2.40 1.09 1.28 0.81 1.34 2.65 0.52 2.81 1.06 1.98 2.60 0.89 1.87 0.78 2.89 2.83 0.74 0.45 1.26 0.99 2.43 2.42 2.44 1.38 2.54 2.66 2.31 1.25 1.14 2.63 2.15 2.40 1.16 1.19 1.68 0.71 1.57 0.63 1.48 2.14 0.94 0.87 1.27 2.39 1.57 0.58
A0A0M4EJG8 0.62 5.26 5.26 1.61 1.74 3.37 0.60 3.35 3.09 0.82 0.50 4.85 4.82 3.67 1.20 4.82 0.79 2.87 3.10 3.72 0.70 3.39 4.81 3.66 1.45 4.78 3.19 0.00 3.56 1.35 3.68 3.50 3.87 0.95 1.73 5.26 3.39 3.60 5.25 4.89 5.24 1.34 5.01 1.66 3.63 2.34 3.67 3.51 1.92 5.09 3.85 3.84 1.86 0.81 4.90 2.93 1.24 3.49 5.24 0.80 1.60 0.85 5.16 4.51 1.16 0.59 1.88 3.73 0.68 3.08 4.55 3.67 0.79 1.14 5.24 2.05 3.80 4.88 1.51 0.93 4.77 5.25 4.93 3.83 5.26 5.22 1.05 3.51 3.79 3.16 4.20 0.55 3.04 0.74 3.59 1.62 0.88 3.40 4.74 3.28 0.87 0.54 2.66 3.14 3.81 3.55 5.24 1.76 5.27 3.86 0.69 0.53 5.14 3.78 3.68 1.73 4.96 5.24 3.63 3.55 4.55 3.46 4.38 2.85 2.40 4.96 2.60 3.02 3.81 1.33 4.34 3.19
A0A3Q2GCF1 3.34 3.21 3.19 3.94 4.83 0.32 3.28 0.35 1.73 2.83 3.12 2.86 2.74 0.12 3.20 2.77 2.83 1.66 0.63 1.90 2.94 0.25 2.85 0.24 2.56 2.67 1.10 3.56 0.00 3.70 0.13 0.06 0.31 2.78 5.20 3.20 0.20 0.17 3.20 2.92 3.20 4.74 2.93 3.20 0.26 5.65 2.02 0.25 2.47 3.04 0.30 1.87 5.30 2.85 3.04 0.73 3.81 0.12 3.19 2.86 3.38 3.14 3.27 2.72 3.44 3.00 5.21 0.19 2.96 0.62 2.65 0.15 3.61 3.60 3.22 5.36 1.93 2.82 3.39 3.02 2.83 3.20 2.90 0.28 3.22 3.22 3.16 0.07 0.24 0.43 2.21 3.03 0.69 2.87 0.12 2.83 3.34 1.99 2.66 1.88 3.67 3.49 1.74 1.55 0.25 2.08 3.21 3.34 3.21 0.32 2.87 3.15 3.09 2.34 0.16 3.55 2.96 3.17 0.07 0.14 2.50 1.80 2.43 0.84 2.47 2.95 1.93 0.55 0.25 3.23 2.46 1.68
E0VCI7 0.78 4.10 4.10 0.30 1.13 3.44 0.83 3.41 2.32 1.12 1.06 3.70 3.70 3.81 0.53 3.69 1.52 2.25 3.12 2.72 1.52 3.48 3.65 3.75 1.16 3.67 2.84 1.35 3.70 0.00 3.82 3.65 4.00 1.09 1.82 4.10 3.51 3.70 4.09 3.74 4.07 1.29 3.87 0.54 3.71 1.96 2.63 3.58 1.26 3.94 4.00 2.85 1.75 1.59 3.71 2.98 0.15 3.61 4.08 1.58 0.37 0.75 3.96 3.34 0.31 1.09 1.56 3.85 1.52 3.11 3.41 3.84 0.56 0.21 4.08 1.68 2.78 3.75 0.33 0.83 3.61 4.09 3.79 3.99 4.10 4.04 0.63 3.67 3.94 3.27 3.13 1.12 3.05 1.49 3.71 0.87 0.55 2.39 3.63 2.35 0.48 0.82 2.10 2.48 3.93 2.50 4.08 0.51 4.11 4.03 1.21 1.00 3.99 2.65 3.80 0.41 3.81 4.08 3.78 3.73 3.45 2.53 3.27 2.88 1.42 3.81 1.92 3.15 3.94 0.48 3.21 2.41
A0A3P8U8L8 3.46 3.15 3.13 4.05 4.94 0.40 3.40 0.43 1.81 2.95 3.25 2.81 2.69 0.02 3.32 2.72 2.95 1.75 0.72 1.95 3.06 0.34 2.80 0.16 2.68 2.62 1.17 3.68 0.13 3.82 0.00 0.18 0.19 2.90 5.32 3.14 0.30 0.14 3.14 2.88 3.14 4.86 2.87 3.31 0.19 5.76 2.07 0.27 2.58 2.98 0.19 1.89 5.42 2.98 3.00 0.84 3.92 0.21 3.14 2.99 3.49 3.26 3.22 2.70 3.55 3.13 5.33 0.07 3.09 0.72 2.61 0.14 3.73 3.72 3.16 5.47 1.96 2.77 3.50 3.14 2.79 3.14 2.85 0.18 3.16 3.17 3.27 0.19 0.12 0.54 2.18 3.15 0.78 3.00 0.12 2.94 3.46 2.06 2.61 1.95 3.78 3.61 1.83 1.62 0.13 2.15 3.16 3.45 3.15 0.22 3.00 3.27 3.03 2.39 0.06 3.66 2.91 3.12 0.07 0.24 2.46 1.87 2.40 0.94 2.57 2.90 2.03 0.67 0.13 3.34 2.44 1.76
A0A3P9PIM8 3.29 3.20 3.19 3.88 4.77 0.28 3.22 0.31 1.68 2.77 3.07 2.85 2.74 0.17 3.14 2.76 2.78 1.61 0.58 1.86 2.89 0.21 2.84 0.26 2.50 2.67 1.06 3.50 0.06 3.65 0.18 0.00 0.37 2.73 5.15 3.19 0.14 0.19 3.20 2.92 3.20 4.69 2.92 3.15 0.27 5.59 1.98 0.25 2.41 3.03 0.36 1.85 5.24 2.80 3.03 0.68 3.75 0.10 3.19 2.81 3.32 3.08 3.26 2.70 3.38 2.95 5.16 0.23 2.91 0.57 2.64 0.20 3.55 3.55 3.21 5.30 1.89 2.82 3.33 2.96 2.83 3.20 2.90 0.34 3.21 3.22 3.10 0.05 0.29 0.37 2.19 2.97 0.63 2.82 0.13 2.78 3.28 1.94 2.66 1.83 3.61 3.43 1.68 1.50 0.30 2.04 3.21 3.28 3.21 0.38 2.82 3.09 3.09 2.29 0.19 3.49 2.95 3.17 0.13 0.15 2.49 1.76 2.42 0.78 2.41 2.94 1.88 0.50 0.31 3.17 2.45 1.63
A0A3Q1APX1 3.65 3.10 3.08 4.23 5.12 0.56 3.59 0.60 1.95 3.13 3.43 2.78 2.65 0.19 3.50 2.68 3.14 1.91 0.89 2.05 3.25 0.52 2.78 0.25 2.86 2.58 1.31 3.87 0.31 4.00 0.19 0.37 0.00 3.09 5.51 3.09 0.49 0.30 3.09 2.85 3.10 5.05 2.83 3.49 0.30 5.95 2.18 0.42 2.75 2.94 0.12 1.98 5.60 3.16 2.99 1.02 4.10 0.39 3.09 3.17 3.66 3.44 3.19 2.75 3.73 3.31 5.51 0.14 3.27 0.89 2.62 0.27 3.91 3.90 3.11 5.65 2.06 2.73 3.68 3.32 2.78 3.09 2.81 0.14 3.11 3.13 3.46 0.37 0.11 0.73 2.22 3.34 0.95 3.18 0.29 3.12 3.64 2.19 2.57 2.09 3.97 3.79 2.00 1.76 0.06 2.27 3.11 3.63 3.10 0.14 3.18 3.45 2.99 2.51 0.20 3.84 2.87 3.07 0.24 0.39 2.43 1.99 2.42 1.12 2.74 2.86 2.20 0.86 0.06 3.52 2.49 1.90
T1IB56 0.56 4.35 4.34 1.38 2.15 2.57 0.50 2.53 2.15 0.15 0.45 3.93 3.89 2.90 0.57 3.89 0.71 1.93 2.27 2.78 0.79 2.59 3.89 2.86 0.52 3.85 2.24 0.95 2.78 1.09 2.90 2.73 3.09 0.00 2.42 4.35 2.60 2.81 4.34 3.98 4.32 1.97 4.08 0.91 2.83 2.91 2.74 2.70 1.00 4.18 3.08 2.90 2.52 0.81 4.00 2.11 1.14 2.70 4.33 0.81 0.93 0.37 4.26 3.60 0.77 0.37 2.46 2.95 0.80 2.25 3.64 2.91 0.85 0.93 4.33 2.61 2.86 3.96 0.88 0.26 3.85 4.34 4.01 3.06 4.35 4.31 0.46 2.74 3.02 2.36 3.27 0.43 2.21 0.72 2.80 0.75 0.59 2.47 3.82 2.35 0.92 0.70 1.72 2.19 3.03 2.63 4.33 1.04 4.36 3.10 0.37 0.42 4.23 2.86 2.89 1.12 4.05 4.32 2.85 2.79 3.62 2.53 3.45 2.01 1.50 4.04 1.66 2.23 3.03 0.66 3.42 2.25
A0A7I4Y1E4 1.86 5.90 5.90 1.92 1.29 4.98 1.93 4.95 4.04 2.38 2.10 5.50 5.51 5.32 2.08 5.50 2.52 3.93 4.67 4.53 2.42 5.01 5.46 5.28 2.68 5.49 4.48 1.73 5.20 1.82 5.32 5.15 5.51 2.42 0.00 5.90 5.03 5.22 5.89 5.54 5.87 0.53 5.68 2.31 5.25 0.81 4.44 5.12 2.90 5.75 5.50 4.66 0.21 2.54 5.50 4.52 1.67 5.12 5.87 2.53 2.18 2.07 5.74 5.13 1.87 2.22 0.62 5.37 2.40 4.66 5.21 5.33 1.62 1.74 5.87 0.73 4.60 5.56 2.11 2.19 5.41 5.89 5.59 5.48 5.90 5.84 2.08 5.16 5.44 4.78 4.95 2.21 4.61 2.47 5.22 2.52 1.88 4.20 5.45 4.13 1.58 1.72 3.76 4.18 5.45 4.32 5.87 2.32 5.91 5.52 2.36 2.07 5.79 4.47 5.31 2.20 5.61 5.88 5.28 5.21 5.26 4.32 5.08 4.42 3.19 5.61 3.60 4.65 5.45 2.11 5.02 4.14
A0A2K5W9E4 4.65 0.02 0.02 3.99 4.72 2.95 4.66 2.95 2.25 4.49 4.79 0.41 0.47 3.16 4.09 0.46 5.01 2.50 2.91 1.60 5.11 3.03 0.45 2.98 3.83 0.53 2.42 5.26 3.20 4.10 3.14 3.19 3.09 4.35 5.90 0.00 3.13 3.03 0.04 0.37 0.07 5.38 0.28 3.66 2.95 5.54 1.62 2.95 3.35 0.17 3.20 1.50 5.79 5.11 0.45 3.07 4.25 3.09 0.05 5.11 3.76 4.42 0.39 0.77 4.18 4.72 5.41 3.09 5.12 2.95 0.71 3.27 4.57 4.25 0.09 5.40 1.52 0.39 3.85 4.33 0.50 0.03 0.33 3.22 0.04 0.16 4.22 3.25 3.16 3.18 1.10 4.78 2.92 5.03 3.09 3.65 4.41 1.89 0.56 2.03 4.52 4.76 2.70 2.26 3.08 1.72 0.08 3.60 0.01 3.22 4.70 4.74 0.12 1.48 3.08 3.70 0.30 0.02 3.19 3.34 0.75 1.86 0.90 3.05 2.86 0.30 2.71 3.27 3.10 3.97 0.93 2.17
A0A672IKJ4 3.16 3.14 3.13 3.75 4.64 0.18 3.10 0.19 1.54 2.65 2.95 2.78 2.67 0.30 3.01 2.70 2.68 1.47 0.44 1.75 2.79 0.11 2.77 0.28 2.37 2.60 0.92 3.39 0.20 3.51 0.30 0.14 0.49 2.60 5.03 3.13 0.00 0.21 3.14 2.85 3.13 4.56 2.86 3.01 0.27 5.46 1.85 0.21 2.28 2.97 0.49 1.76 5.12 2.71 2.96 0.54 3.62 0.10 3.13 2.72 3.18 2.96 3.19 2.62 3.25 2.83 5.03 0.34 2.81 0.43 2.56 0.34 3.43 3.41 3.15 5.17 1.79 2.75 3.20 2.84 2.75 3.13 2.83 0.48 3.15 3.15 2.97 0.17 0.42 0.24 2.12 2.86 0.49 2.72 0.20 2.64 3.16 1.81 2.59 1.70 3.48 3.31 1.54 1.36 0.42 1.91 3.15 3.15 3.15 0.51 2.71 2.97 3.02 2.17 0.29 3.36 2.89 3.11 0.26 0.26 2.42 1.63 2.34 0.64 2.27 2.88 1.74 0.37 0.43 3.04 2.37 1.50
A0A3B5Q007 3.36 3.04 3.02 3.93 4.83 0.27 3.30 0.30 1.67 2.85 3.16 2.70 2.58 0.15 3.20 2.61 2.89 1.62 0.59 1.81 3.00 0.22 2.69 0.08 2.57 2.51 1.04 3.60 0.17 3.70 0.14 0.19 0.30 2.81 5.22 3.03 0.21 0.00 3.04 2.76 3.03 4.76 2.76 3.19 0.09 5.65 1.93 0.13 2.46 2.87 0.32 1.76 5.32 2.92 2.88 0.72 3.81 0.11 3.03 2.93 3.37 3.16 3.11 2.57 3.44 3.04 5.22 0.16 3.02 0.59 2.50 0.25 3.62 3.61 3.05 5.36 1.83 2.66 3.38 3.03 2.68 3.03 2.74 0.31 3.05 3.06 3.17 0.24 0.25 0.44 2.06 3.06 0.66 2.93 0.06 2.83 3.35 1.92 2.50 1.81 3.68 3.51 1.70 1.48 0.23 2.01 3.05 3.33 3.04 0.35 2.91 3.17 2.92 2.25 0.10 3.54 2.80 3.01 0.16 0.32 2.34 1.73 2.28 0.82 2.44 2.79 1.90 0.58 0.25 3.23 2.32 1.62
A0A2K5YMT9 4.64 0.01 0.05 3.97 4.70 2.96 4.65 2.95 2.25 4.48 4.78 0.41 0.47 3.16 4.07 0.46 5.00 2.49 2.91 1.59 5.11 3.03 0.44 2.98 3.82 0.54 2.42 5.25 3.20 4.09 3.14 3.20 3.09 4.34 5.89 0.04 3.14 3.04 0.00 0.36 0.03 5.36 0.28 3.65 2.95 5.52 1.62 2.95 3.34 0.17 3.21 1.50 5.77 5.10 0.42 3.07 4.24 3.10 0.01 5.10 3.74 4.41 0.35 0.75 4.16 4.71 5.39 3.09 5.11 2.95 0.70 3.28 4.56 4.24 0.05 5.38 1.51 0.39 3.83 4.32 0.49 0.01 0.33 3.22 0.02 0.12 4.21 3.25 3.17 3.18 1.10 4.77 2.92 5.02 3.09 3.64 4.40 1.88 0.55 2.02 4.51 4.74 2.69 2.26 3.09 1.72 0.05 3.59 0.03 3.23 4.69 4.73 0.12 1.47 3.08 3.69 0.29 0.04 3.20 3.34 0.74 1.86 0.89 3.05 2.85 0.29 2.70 3.27 3.11 3.96 0.92 2.16
M3Z0Z9 4.28 0.37 0.37 3.62 4.37 2.67 4.29 2.66 1.90 4.13 4.42 0.07 0.26 2.90 3.72 0.20 4.65 2.15 2.60 1.25 4.75 2.74 0.09 2.72 3.46 0.33 2.10 4.89 2.92 3.74 2.88 2.92 2.85 3.98 5.54 0.37 2.85 2.76 0.36 0.00 0.34 5.01 0.23 3.29 2.69 5.19 1.27 2.68 2.99 0.21 2.96 1.16 5.42 4.75 0.23 2.76 3.89 2.82 0.35 4.75 3.39 4.05 0.34 0.40 3.81 4.35 5.05 2.83 4.76 2.64 0.34 3.01 4.20 3.88 0.35 5.04 1.17 0.20 3.48 3.96 0.13 0.36 0.12 2.97 0.37 0.33 3.86 2.97 2.91 2.88 0.76 4.41 2.62 4.67 2.82 3.28 4.04 1.53 0.30 1.67 4.16 4.39 2.34 1.92 2.84 1.36 0.35 3.23 0.38 2.98 4.34 4.37 0.25 1.12 2.82 3.34 0.08 0.34 2.93 3.06 0.43 1.52 0.55 2.73 2.49 0.09 2.35 2.96 2.86 3.60 0.57 1.82
A0A6D2W4N1 4.62 0.05 0.08 3.95 4.68 2.95 4.63 2.95 2.23 4.47 4.76 0.39 0.47 3.16 4.06 0.45 4.99 2.48 2.91 1.58 5.09 3.03 0.43 2.98 3.80 0.53 2.42 5.24 3.20 4.07 3.14 3.20 3.10 4.32 5.87 0.07 3.13 3.03 0.03 0.34 0.00 5.34 0.27 3.63 2.95 5.50 1.60 2.95 3.33 0.16 3.21 1.49 5.75 5.09 0.39 3.07 4.22 3.10 0.02 5.09 3.73 4.39 0.32 0.74 4.15 4.69 5.37 3.09 5.10 2.95 0.68 3.28 4.54 4.22 0.02 5.36 1.50 0.39 3.82 4.30 0.47 0.04 0.32 3.22 0.03 0.09 4.20 3.25 3.17 3.18 1.09 4.75 2.92 5.01 3.09 3.62 4.38 1.87 0.55 2.01 4.49 4.73 2.68 2.25 3.09 1.70 0.02 3.57 0.06 3.23 4.68 4.71 0.11 1.46 3.08 3.67 0.28 0.06 3.20 3.34 0.73 1.85 0.88 3.05 2.83 0.28 2.69 3.27 3.11 3.94 0.91 2.15
A0A1W0WLW6 1.41 5.38 5.38 1.40 0.85 4.51 1.48 4.48 3.53 1.94 1.67 4.98 4.98 4.86 1.58 4.97 2.12 3.42 4.20 4.00 2.04 4.54 4.93 4.81 2.20 4.96 3.98 1.34 4.74 1.29 4.86 4.69 5.05 1.97 0.53 5.38 4.56 4.76 5.36 5.01 5.34 0.00 5.15 1.78 4.78 1.00 3.91 4.65 2.40 5.22 5.04 4.13 0.56 2.15 4.98 4.04 1.14 4.66 5.35 2.14 1.65 1.60 5.22 4.61 1.37 1.79 0.54 4.90 2.02 4.19 4.69 4.87 1.14 1.22 5.35 0.71 4.07 5.04 1.58 1.72 4.88 5.37 5.07 5.02 5.38 5.32 1.60 4.70 4.98 4.32 4.42 1.78 4.13 2.08 4.76 2.01 1.40 3.67 4.92 3.60 1.09 1.27 3.26 3.67 4.98 3.79 5.35 1.79 5.39 5.06 1.94 1.64 5.26 3.94 4.85 1.68 5.09 5.36 4.81 4.75 4.74 3.79 4.55 3.95 2.66 5.09 3.10 4.19 4.99 1.60 4.49 3.62
A0A337SPE5 4.40 0.28 0.27 3.77 4.52 2.68 4.40 2.67 1.98 4.23 4.53 0.20 0.20 2.89 3.84 0.19 4.75 2.22 2.63 1.33 4.85 2.75 0.25 2.71 3.56 0.26 2.14 5.01 2.93 3.87 2.87 2.92 2.83 4.08 5.68 0.28 2.86 2.76 0.28 0.23 0.27 5.15 0.00 3.42 2.68 5.35 1.35 2.68 3.09 0.11 2.94 1.23 5.57 4.84 0.45 2.79 4.02 2.82 0.27 4.84 3.52 4.16 0.48 0.57 3.93 4.46 5.20 2.82 4.86 2.67 0.46 3.00 4.32 4.01 0.29 5.20 1.25 0.12 3.61 4.07 0.31 0.27 0.11 2.95 0.29 0.30 3.97 2.98 2.90 2.90 0.83 4.52 2.65 4.77 2.82 3.40 4.16 1.62 0.28 1.76 4.28 4.51 2.42 1.99 2.82 1.46 0.29 3.37 0.29 2.96 4.44 4.48 0.16 1.23 2.81 3.47 0.16 0.25 2.92 3.07 0.47 1.59 0.63 2.78 2.61 0.15 2.44 2.99 2.84 3.72 0.67 1.89
A0A7M7SWA0 1.04 3.66 3.66 0.74 1.64 2.93 1.06 2.90 1.78 1.04 1.24 3.25 3.24 3.31 0.46 3.23 1.60 1.71 2.61 2.22 1.67 2.97 3.21 3.24 0.72 3.21 2.30 1.66 3.20 0.54 3.31 3.15 3.49 0.91 2.31 3.66 3.01 3.19 3.65 3.29 3.63 1.78 3.42 0.00 3.20 2.50 2.14 3.07 0.74 3.49 3.50 2.35 2.28 1.70 3.28 2.47 0.67 3.10 3.63 1.70 0.18 0.84 3.53 2.89 0.52 1.21 2.10 3.35 1.67 2.60 2.96 3.34 0.91 0.60 3.64 2.22 2.29 3.30 0.21 0.78 3.16 3.65 3.34 3.49 3.66 3.61 0.62 3.17 3.43 2.77 2.66 1.26 2.54 1.60 3.20 0.38 0.78 1.89 3.17 1.82 0.87 1.13 1.56 1.94 3.42 2.01 3.64 0.16 3.67 3.52 1.24 1.19 3.54 2.19 3.29 0.36 3.36 3.63 3.27 3.23 2.98 2.01 2.80 2.37 0.89 3.36 1.38 2.66 3.44 0.33 2.75 1.88
H2T1P6 3.39 2.96 2.94 3.94 4.84 0.27 3.32 0.30 1.65 2.88 3.18 2.62 2.50 0.21 3.22 2.53 2.93 1.61 0.59 1.77 3.04 0.24 2.61 0.05 2.58 2.43 1.02 3.63 0.26 3.71 0.19 0.27 0.30 2.83 5.25 2.95 0.27 0.09 2.95 2.69 2.95 4.78 2.68 3.20 0.00 5.67 1.90 0.13 2.46 2.79 0.34 1.71 5.33 2.97 2.81 0.73 3.82 0.19 2.95 2.97 3.37 3.18 3.03 2.51 3.45 3.07 5.24 0.17 3.06 0.60 2.42 0.32 3.64 3.62 2.97 5.37 1.79 2.58 3.39 3.05 2.60 2.95 2.66 0.34 2.97 2.98 3.18 0.33 0.27 0.47 1.99 3.09 0.66 2.97 0.14 2.84 3.37 1.89 2.42 1.79 3.69 3.53 1.70 1.47 0.24 1.98 2.97 3.33 2.96 0.37 2.94 3.20 2.84 2.22 0.13 3.54 2.72 2.93 0.25 0.40 2.26 1.70 2.21 0.83 2.44 2.71 1.90 0.61 0.26 3.24 2.25 1.60
A0CSI4 2.36 5.54 5.55 1.79 0.88 5.40 2.43 5.36 4.26 2.89 2.65 5.17 5.21 5.76 2.45 5.19 3.11 4.20 5.08 4.54 3.03 5.43 5.12 5.71 3.09 5.21 4.80 2.34 5.65 1.96 5.76 5.59 5.95 2.91 0.81 5.54 5.46 5.65 5.52 5.19 5.50 1.00 5.35 2.50 5.67 0.00 4.41 5.54 3.22 5.40 5.95 4.68 0.60 3.14 5.12 4.93 1.85 5.56 5.51 3.13 2.32 2.53 5.34 4.79 2.21 2.76 0.46 5.80 3.01 5.07 4.90 5.78 2.06 2.05 5.50 0.30 4.59 5.25 2.29 2.65 5.07 5.53 5.26 5.93 5.53 5.46 2.50 5.61 5.88 5.22 4.80 2.76 5.01 3.06 5.66 2.84 2.32 4.24 5.17 4.25 1.99 2.23 4.06 4.43 5.88 4.27 5.50 2.39 5.55 5.97 2.91 2.61 5.44 4.26 5.75 2.19 5.27 5.52 5.72 5.67 5.01 4.43 4.82 4.83 3.35 5.27 3.87 5.10 5.89 2.43 4.74 4.35
A0A672UDR6 3.07 1.63 1.62 2.63 3.53 1.70 3.07 1.67 0.63 2.88 3.18 1.21 1.16 2.08 2.52 1.16 3.39 0.88 1.48 0.15 3.50 1.77 1.18 1.94 2.22 1.12 0.95 3.67 2.02 2.63 2.07 1.98 2.18 2.74 4.44 1.62 1.85 1.93 1.62 1.27 1.60 3.91 1.35 2.14 1.90 4.41 0.00 1.80 1.75 1.45 2.24 0.28 4.37 3.49 1.32 1.58 2.77 1.89 1.61 3.49 2.26 2.83 1.58 0.93 2.64 3.11 4.08 2.07 3.50 1.51 0.93 2.15 3.02 2.73 1.62 4.16 0.18 1.23 2.34 2.74 1.15 1.62 1.29 2.24 1.63 1.60 2.65 2.02 2.17 1.76 0.54 3.17 1.47 3.41 1.96 2.07 2.84 0.27 1.08 0.40 2.99 3.18 1.07 0.67 2.13 0.14 1.62 2.12 1.63 2.27 3.09 3.14 1.50 0.32 2.03 2.27 1.33 1.60 2.07 2.11 0.89 0.26 0.73 1.54 1.28 1.32 1.09 1.80 2.15 2.42 0.70 0.56
H3DJ05 3.26 2.96 2.94 3.81 4.71 0.14 3.20 0.18 1.54 2.76 3.06 2.61 2.49 0.28 3.09 2.52 2.82 1.48 0.47 1.68 2.93 0.12 2.60 0.17 2.45 2.42 0.90 3.51 0.25 3.58 0.27 0.25 0.42 2.70 5.12 2.95 0.21 0.13 2.95 2.68 2.95 4.65 2.68 3.07 0.13 5.54 1.80 0.00 2.34 2.79 0.46 1.64 5.21 2.87 2.79 0.60 3.69 0.15 2.95 2.88 3.25 3.05 3.02 2.47 3.32 2.94 5.11 0.29 2.95 0.47 2.40 0.36 3.51 3.49 2.97 5.25 1.70 2.58 3.26 2.93 2.59 2.95 2.65 0.45 2.97 2.97 3.05 0.30 0.38 0.37 1.96 2.97 0.53 2.86 0.16 2.71 3.24 1.78 2.41 1.68 3.56 3.40 1.57 1.35 0.36 1.87 2.97 3.21 2.96 0.48 2.82 3.08 2.84 2.12 0.23 3.42 2.71 2.93 0.27 0.39 2.25 1.59 2.18 0.71 2.31 2.70 1.77 0.51 0.38 3.11 2.22 1.48
S4RZR2 1.32 3.35 3.35 1.47 2.38 2.19 1.32 2.16 1.20 1.14 1.44 2.94 2.90 2.58 0.83 2.90 1.69 1.03 1.87 1.81 1.78 2.24 2.90 2.51 0.48 2.86 1.59 1.92 2.47 1.26 2.58 2.41 2.75 1.00 2.90 3.35 2.28 2.46 3.34 2.99 3.33 2.40 3.09 0.74 2.46 3.22 1.75 2.34 0.00 3.18 2.77 1.93 2.95 1.79 3.00 1.74 1.37 2.37 3.33 1.78 0.91 1.08 3.26 2.60 1.03 1.37 2.81 2.61 1.79 1.87 2.64 2.61 1.32 1.19 3.34 2.93 1.89 2.97 0.93 0.98 2.86 3.34 3.02 2.75 3.36 3.31 0.91 2.43 2.70 2.04 2.29 1.43 1.81 1.70 2.47 0.39 1.11 1.48 2.83 1.37 1.32 1.44 0.86 1.29 2.69 1.64 3.34 0.87 3.36 2.79 1.36 1.39 3.23 1.87 2.56 1.08 3.05 3.33 2.54 2.50 2.63 1.56 2.46 1.63 0.50 3.05 0.72 1.93 2.70 0.81 2.42 1.30
A0A2K6V7S2 4.48 0.18 0.17 3.83 4.58 2.79 4.49 2.78 2.08 4.32 4.62 0.25 0.30 3.00 3.92 0.29 4.84 2.32 2.74 1.43 4.94 2.87 0.29 2.82 3.66 0.37 2.25 5.09 3.04 3.94 2.98 3.03 2.94 4.18 5.75 0.17 2.97 2.87 0.17 0.21 0.16 5.22 0.11 3.49 2.79 5.40 1.45 2.79 3.18 0.00 3.05 1.33 5.63 4.94 0.39 2.90 4.09 2.93 0.16 4.94 3.60 4.25 0.39 0.61 4.01 4.55 5.26 2.93 4.95 2.78 0.54 3.12 4.41 4.09 0.18 5.26 1.35 0.22 3.69 4.16 0.34 0.17 0.16 3.06 0.18 0.19 4.06 3.09 3.01 3.02 0.93 4.61 2.76 4.86 2.93 3.48 4.25 1.72 0.39 1.85 4.36 4.59 2.52 2.09 2.93 1.55 0.18 3.44 0.18 3.07 4.53 4.57 0.05 1.32 2.92 3.55 0.14 0.15 3.04 3.18 0.57 1.69 0.73 2.88 2.69 0.14 2.54 3.10 2.95 3.80 0.76 2.00
A0A669F9S4 3.64 3.21 3.19 4.24 5.13 0.59 3.58 0.62 1.99 3.12 3.42 2.89 2.76 0.19 3.50 2.79 3.11 1.94 0.91 2.11 3.22 0.53 2.88 0.30 2.86 2.69 1.36 3.85 0.30 4.00 0.19 0.36 0.12 3.08 5.50 3.20 0.49 0.32 3.21 2.96 3.21 5.04 2.94 3.50 0.34 5.95 2.24 0.46 2.77 3.05 0.00 2.05 5.60 3.13 3.09 1.03 4.11 0.40 3.20 3.14 3.67 3.44 3.30 2.82 3.74 3.30 5.51 0.17 3.24 0.91 2.71 0.18 3.91 3.90 3.22 5.66 2.12 2.84 3.69 3.32 2.88 3.20 2.92 0.03 3.22 3.24 3.46 0.34 0.07 0.73 2.29 3.32 0.97 3.15 0.31 3.13 3.64 2.23 2.68 2.13 3.97 3.78 2.02 1.81 0.12 2.32 3.22 3.64 3.21 0.03 3.17 3.44 3.10 2.56 0.22 3.85 2.98 3.18 0.23 0.31 2.54 2.04 2.50 1.13 2.76 2.97 2.22 0.85 0.10 3.53 2.57 1.94
K7FLW5 3.25 1.51 1.50 2.90 3.81 1.58 3.25 1.56 0.76 3.05 3.35 1.10 1.03 1.90 2.72 1.04 3.54 1.00 1.47 0.14 3.65 1.66 1.08 1.76 2.39 0.97 0.95 3.84 1.87 2.85 1.89 1.85 1.98 2.90 4.66 1.50 1.76 1.76 1.50 1.16 1.49 4.13 1.23 2.35 1.71 4.68 0.28 1.64 1.93 1.33 2.05 0.00 4.60 3.64 1.24 1.60 3.00 1.75 1.49 3.64 2.48 3.01 1.49 0.87 2.84 3.28 4.34 1.89 3.66 1.51 0.84 1.99 3.22 2.94 1.50 4.43 0.10 1.11 2.56 2.91 1.05 1.50 1.17 2.05 1.51 1.49 2.84 1.90 1.98 1.75 0.40 3.33 1.47 3.57 1.80 2.26 3.03 0.46 0.95 0.56 3.19 3.37 1.21 0.76 1.94 0.42 1.50 2.35 1.51 2.08 3.25 3.31 1.38 0.57 1.85 2.52 1.22 1.48 1.90 1.99 0.75 0.38 0.62 1.58 1.48 1.21 1.24 1.82 1.96 2.62 0.62 0.67
W2SUZ2 1.96 5.78 5.79 1.80 1.12 5.07 2.03 5.04 4.06 2.49 2.22 5.39 5.41 5.42 2.14 5.39 2.65 3.97 4.76 4.46 2.56 5.10 5.34 5.37 2.76 5.39 4.54 1.86 5.30 1.75 5.42 5.24 5.60 2.52 0.21 5.79 5.12 5.32 5.77 5.42 5.75 0.56 5.57 2.28 5.33 0.60 4.37 5.21 2.95 5.63 5.60 4.60 0.00 2.68 5.38 4.60 1.62 5.22 5.76 2.66 2.13 2.16 5.61 5.02 1.92 2.34 0.43 5.46 2.54 4.75 5.11 5.43 1.70 1.76 5.75 0.52 4.53 5.45 2.07 2.28 5.29 5.77 5.48 5.58 5.78 5.72 2.16 5.26 5.54 4.88 4.87 2.33 4.69 2.60 5.32 2.56 1.96 4.14 5.35 4.10 1.65 1.82 3.81 4.21 5.54 4.24 5.75 2.25 5.79 5.62 2.48 2.19 5.67 4.37 5.41 2.11 5.50 5.76 5.37 5.31 5.17 4.28 4.98 4.51 3.17 5.50 3.64 4.75 5.55 2.15 4.92 4.16
A0A3B0K3U3 0.88 5.11 5.11 1.89 2.48 2.77 0.81 2.75 2.88 0.67 0.56 4.70 4.65 2.97 1.26 4.65 0.10 2.64 2.60 3.53 0.11 2.75 4.66 2.99 1.31 4.60 2.87 0.81 2.85 1.59 2.98 2.80 3.16 0.81 2.54 5.11 2.71 2.92 5.10 4.75 5.09 2.15 4.84 1.70 2.97 3.14 3.49 2.87 1.79 4.94 3.13 3.64 2.68 0.00 4.78 2.40 1.59 2.81 5.09 0.01 1.69 0.90 5.03 4.38 1.32 0.52 2.68 3.03 0.14 2.57 4.41 2.95 1.21 1.40 5.10 2.85 3.61 4.72 1.61 0.92 4.62 5.10 4.78 3.11 5.12 5.08 1.10 2.79 3.08 2.50 4.02 0.47 2.56 0.10 2.90 1.56 1.04 3.22 4.57 3.09 1.29 0.97 2.43 2.90 3.10 3.39 5.10 1.83 5.12 3.14 0.46 0.62 4.99 3.64 2.98 1.85 4.81 5.08 2.92 2.82 4.38 3.26 4.21 2.36 2.29 4.81 2.40 2.36 3.10 1.40 4.18 2.97
F7GW78 4.29 0.43 0.46 3.59 4.31 2.78 4.30 2.77 1.95 4.15 4.43 0.28 0.48 3.02 3.72 0.42 4.68 2.20 2.70 1.32 4.78 2.85 0.24 2.84 3.48 0.55 2.19 4.90 3.04 3.71 3.00 3.03 2.99 4.00 5.50 0.45 2.96 2.88 0.42 0.23 0.39 4.98 0.45 3.28 2.81 5.12 1.32 2.79 3.00 0.39 3.09 1.24 5.38 4.78 0.00 2.84 3.86 2.93 0.40 4.78 3.37 4.06 0.26 0.40 3.80 4.37 5.00 2.96 4.78 2.74 0.40 3.13 4.19 3.87 0.38 4.99 1.24 0.42 3.47 3.97 0.21 0.42 0.35 3.10 0.42 0.34 3.86 3.08 3.04 2.98 0.85 4.43 2.71 4.70 2.94 3.29 4.04 1.58 0.52 1.72 4.15 4.39 2.39 1.98 2.97 1.40 0.38 3.22 0.44 3.11 4.36 4.38 0.39 1.14 2.94 3.31 0.29 0.43 3.05 3.18 0.56 1.58 0.62 2.81 2.50 0.30 2.39 3.05 2.99 3.60 0.62 1.88
A0A672QN77 2.66 3.08 3.07 3.21 4.11 0.46 2.60 0.43 1.08 2.16 2.47 2.69 2.60 0.84 2.49 2.62 2.33 0.97 0.20 1.54 2.45 0.50 2.67 0.77 1.85 2.54 0.65 2.93 0.73 2.98 0.84 0.68 1.02 2.11 4.52 3.07 0.54 0.72 3.07 2.76 3.07 4.04 2.79 2.47 0.73 4.93 1.58 0.60 1.74 2.90 1.03 1.60 4.60 2.40 2.84 0.00 3.09 0.63 3.06 2.41 2.65 2.45 3.09 2.47 2.72 2.36 4.50 0.87 2.46 0.16 2.44 0.88 2.91 2.89 3.08 4.64 1.61 2.68 2.66 2.33 2.65 3.07 2.75 1.01 3.09 3.08 2.45 0.70 0.96 0.31 2.00 2.38 0.16 2.37 0.73 2.11 2.64 1.40 2.52 1.26 2.96 2.80 1.02 0.93 0.95 1.55 3.08 2.61 3.08 1.05 2.24 2.49 2.96 1.84 0.82 2.82 2.80 3.05 0.80 0.78 2.33 1.31 2.22 0.11 1.74 2.79 1.21 0.24 0.96 2.51 2.23 1.06
T1JCE3 0.72 4.25 4.26 0.37 1.03 3.55 0.79 3.51 2.45 1.17 1.04 3.85 3.85 3.92 0.62 3.84 1.53 2.37 3.23 2.86 1.50 3.59 3.80 3.86 1.25 3.82 2.96 1.24 3.81 0.15 3.92 3.75 4.10 1.14 1.67 4.25 3.62 3.81 4.24 3.89 4.22 1.14 4.02 0.67 3.82 1.85 2.77 3.69 1.37 4.09 4.11 3.00 1.62 1.59 3.86 3.09 0.00 3.71 4.23 1.58 0.52 0.79 4.11 3.49 0.38 1.11 1.44 3.96 1.49 3.22 3.56 3.94 0.45 0.22 4.23 1.56 2.93 3.90 0.46 0.88 3.76 4.24 3.94 4.09 4.25 4.19 0.69 3.77 4.04 3.38 3.28 1.13 3.16 1.50 3.81 0.99 0.57 2.53 3.79 2.48 0.37 0.72 2.22 2.61 4.04 2.65 4.23 0.66 4.26 4.13 1.24 0.98 4.14 2.80 3.90 0.55 3.96 4.23 3.88 3.83 3.60 2.67 3.42 2.98 1.55 3.96 2.04 3.26 4.05 0.58 3.36 2.54
A0A3B3BIE0 3.26 3.10 3.09 3.84 4.73 0.20 3.20 0.23 1.61 2.75 3.05 2.75 2.63 0.21 3.11 2.66 2.78 1.55 0.51 1.78 2.89 0.14 2.74 0.19 2.47 2.57 0.98 3.49 0.12 3.61 0.21 0.10 0.39 2.70 5.12 3.09 0.10 0.11 3.10 2.82 3.10 4.66 2.82 3.10 0.19 5.56 1.89 0.15 2.37 2.93 0.40 1.75 5.22 2.81 2.93 0.63 3.71 0.00 3.09 2.82 3.28 3.06 3.16 2.61 3.34 2.93 5.12 0.24 2.91 0.51 2.54 0.27 3.52 3.51 3.11 5.27 1.80 2.72 3.29 2.93 2.73 3.09 2.80 0.39 3.11 3.12 3.07 0.16 0.33 0.34 2.09 2.96 0.57 2.82 0.10 2.73 3.25 1.87 2.56 1.76 3.58 3.41 1.62 1.43 0.32 1.96 3.11 3.24 3.11 0.42 2.81 3.07 2.99 2.21 0.19 3.45 2.85 3.07 0.18 0.25 2.39 1.68 2.32 0.73 2.36 2.84 1.82 0.47 0.33 3.13 2.35 1.56
A0A2K6K3P5 4.63 0.03 0.06 3.96 4.69 2.95 4.64 2.94 2.24 4.47 4.77 0.40 0.47 3.16 4.06 0.45 5.00 2.48 2.90 1.58 5.10 3.02 0.43 2.98 3.81 0.53 2.41 5.24 3.19 4.08 3.14 3.19 3.09 4.33 5.87 0.05 3.13 3.03 0.01 0.35 0.02 5.35 0.27 3.63 2.95 5.51 1.61 2.95 3.33 0.16 3.20 1.49 5.76 5.09 0.40 3.06 4.23 3.09 0.00 5.09 3.73 4.40 0.34 0.74 4.15 4.70 5.38 3.09 5.10 2.94 0.69 3.27 4.55 4.23 0.04 5.37 1.50 0.38 3.82 4.31 0.48 0.02 0.32 3.22 0.02 0.11 4.20 3.25 3.16 3.18 1.09 4.76 2.92 5.01 3.09 3.63 4.39 1.87 0.55 2.01 4.50 4.73 2.68 2.25 3.08 1.71 0.04 3.58 0.04 3.23 4.69 4.72 0.11 1.46 3.08 3.68 0.28 0.04 3.19 3.34 0.73 1.85 0.88 3.04 2.84 0.28 2.69 3.26 3.11 3.95 0.91 2.15
